0 0 0
0.57735 -0.57735 2.81547
-0.14929 -0.987891 -0.0198093
0.0538806 -0.996886 -0.00982837
0.0336687 -0.998464 0.0751672
0.0795698 -0.996759 0.0346003
-0.0410913 -0.999106 0.0309683
-0.0881341 -0.996066 0.0529912
-0.0796353 -0.996513 0.115793
0.0484158 -0.998826 -0.0788687
-0.0129478 -0.999915 -0.165686
-0.189602 -0.98078 -0.0257113
-0.133543 -0.990608 0.020501
-0.0760128 -0.997101 0.0334673
-0.115613 -0.992967 -0.0547354
-0.202344 -0.977436 0.0433286
0.203494 -0.97907 0.0469247
-0.0516291 -0.997846 0.203106
0.190634 -0.981202 0.106533
-0.0304881 -0.999419 0.014877
-0.106879 -0.993701 0.0268985
-0.00807579 -0.99992 -0.0788394
0.101186 -0.993508 -0.103522
-0.0323617 -0.998596 0.0850098
-0.0693032 -0.997594 0.1099
-0.0316505 -0.999486 0.0774215
0.0403627 -0.997537 -0.12002
-0.993471 0.00979389 0.493559
-0.0395534 -0.999103 -0.236315
-0.0014806 -0.999185 -0.0651338
-0.0542181 -0.997709 0.0114414
-0.0815545 -0.99616 0.157566
0.105231 -0.994424 0.331916
-0.0556686 -0.998358 0.166554
0.115163 -0.992945 -0.0897456
-0.140103 -0.988852 -0.388652
-0.0804028 -0.996728 -0.215875
-0.131897 -0.990719 -0.0164927
0.0829956 -0.994087 0.232107
-0.065149 -0.997246 0.211621
0.398364 -0.897949 0.294724
0.0601257 -0.997917 0.0397078
0.0312867 -0.997153 -0.0452206
-0.0255215 -0.999668 -0.055357
-0.0828829 -0.996198 -0.108436
-0.0809027 -0.996399 -0.162723
-0.0915601 -0.99546 -0.20295
-0.0488464 -0.998674 0.0279679
0.0931434 -0.994439 0.0869728
0.0274919 -0.995567 0.0120761
-0.00318738 -0.99944 0.0418457
-0.11661 -0.993166 -0.0874546
0.122917 -0.990861 -0.142786
-0.0504724 -0.998717 0.149201
-0.0495542 -0.998178 0.23105
0.118051 -0.990362 -0.00682356
-0.0593415 -0.996902 -0.202961
0.00254629 -0.999807 -0.159128
-0.0234563 -0.999706 0.00714936
-0.00248998 -0.999484 0.0311954
0.00325171 -0.998628 0.211897
-0.00836844 -0.999917 -0.00557947
0.0211141 -0.997637 -0.306402
0.0115255 -0.999188 -0.305381
0.000902771 -0.999912 -0.11012
-0.118025 -0.99301 0.263525
-0.0843011 -0.995947 0.419959
-0.0917828 -0.995249 0.35187
-0.117885 -0.992731 -0.0423784
-0.0822868 -0.995583 0.00458614
0.503344 -0.856387 -0.253106
-0.00345892 -0.999967 0.0188472
-0.0860559 -0.99629 -0.0299826
-0.130839 -0.991394 9.13976e-05
-0.111042 -0.992725 -0.0655568
-0.131684 -0.990148 0.041863
-0.0125774 -0.999773 -0.186107
0.117702 -0.99138 -0.237426
-0.0930279 -0.995296 -0.118598
-0.108328 -0.994072 0.313944
-0.23004 -0.971585 0.34599
0.0335884 -0.999383 0.346763
-0.156974 -0.985861 0.184433
0.0982639 -0.994883 -0.210373
-0.280839 -0.957247 0.00734936
0.06536 -0.997822 0.199628
0.297533 -0.938997 0.020007
-0.0436939 -0.999038 0.277367
-0.0631153 -0.99791 0.0490668
-0.00518478 -0.999978 -0.1458
-0.126185 -0.991919 -0.192323
-0.283582 -0.957578 -0.133303
0.47697 -0.876701 -0.278165
0.0302468 -0.999509 0.0142327
-0.0943238 -0.994865 0.089737
0.150253 -0.987277 -0.0886812
-0.181268 -0.983406 -0.0256845
0.0548223 -0.998284 -0.101113
0.791786 -0.594989 -0.33603
0.353464 -0.927749 0.119922
0.0342291 -0.995918 -0.143839
-0.168158 -0.981895 -0.0905121
0.187373 -0.982282 0.0218385
0.24427 -0.969319 0.0938269
0.199481 -0.979504 0.128012
0.216144 -0.976295 0.0931137
0.084312 -0.99434 0.0167113
0.00790839 -0.99834 0.0377343
0.151865 -0.988185 0.137779
0.0587769 -0.998265 0.0896917
-0.0370493 -0.998347 -0.0128604
-0.301949 -0.951433 -0.196977
0.151796 -0.988268 -0.032826
0.0471311 -0.998872 0.0625685
-0.00597021 -0.997608 0.176704
0.174392 -0.983096 -0.0237071
0.0249982 -0.993167 0.287786
0.133136 -0.990207 0.17161
0.2366 -0.971494 0.0147977
0.238758 -0.970789 -0.113411
0.150533 -0.987565 -0.0507116
0.166364 -0.985282 0.163533
0.096228 -0.994439 0.273872
-0.0196159 -0.999222 0.196737
0.0254994 -0.999081 0.224672
0.0724467 -0.99737 0.161696
0.0725663 -0.996495 0.475858
0.10296 -0.994437 0.408571
0.109919 -0.992957 0.0751687
-0.0127071 -0.997802 -0.310132
0.0657213 -0.996383 -0.245142
0.102465 -0.994701 -0.106047
0.130658 -0.988579 -0.0124055
-0.0195833 -0.999173 -0.00104293
0.0642737 -0.997233 -0.0366511
-0.0368666 -0.999236 0.025035
0.178258 -0.983976 0.0975989
0.0759991 -0.994854 -0.00318128
-0.148372 -0.988646 0.0106267
-0.0641809 -0.997785 0.042088
-0.0388145 -0.998802 0.0318098
-0.0760035 -0.996737 0.0391052
-0.0132262 -0.999268 0.0645254
-0.0598934 -0.997332 0.0581984
0.00209466 -0.999889 -0.0173324
-0.105289 -0.992795 -0.0817269
0.028525 -0.999576 -0.0511602
-0.140477 -0.98982 -0.116928
-0.0018447 -0.99897 -0.138498
-0.0706015 -0.997058 -0.0536378
-0.0349777 -0.997671 -0.125901
-0.0992362 -0.994964 0.0830393
-0.0831754 -0.996204 0.323664
-0.043307 -0.998808 0.401969
-0.0343273 -0.999012 0.223185
-0.0352379 -0.996579 0.112191
-0.00966588 -0.999739 -0.0995041
-0.00824369 -0.999926 -0.0606595
-0.0562904 -0.99839 -0.00575468
-0.0479534 -0.998497 -0.0172927
0.00582508 -0.99939 0.0152433
-0.0371174 -0.999247 0.0671069
0.0140038 -0.999893 0.0303514
0.0375809 -0.999234 -0.0607535
-0.101188 -0.994599 -0.0348194
0.0126181 -0.99927 -0.159124
0.0922214 -0.995738 0.0683829
-0.00936481 -0.999488 -0.00144167
-0.0164328 -0.999624 -0.00464662
-0.0283048 -0.999488 0.00150058
0.0219021 -0.998562 -0.104043
0.00417438 -0.999927 0.0197196
0.0187213 -0.99982 0.0595593
0.0438754 -0.998553 0.0203248
-0.0796848 -0.99644 0.13749
-0.0386577 -0.999062 0.0677124
-0.0239189 -0.999578 0.108775
-0.22512 -0.973668 0.0734557
0.0424758 -0.999097 0.0330875
-0.0279153 -0.998016 -0.112495
0.0355102 -0.997709 -0.165668
0.0362855 -0.999262 -0.062979
-0.0778569 -0.996965 -0.0734532
-0.0795453 -0.996741 0.0199749
-0.0766669 -0.997055 0.00102816
-0.130546 -0.988975 -0.0104132
-0.0622753 -0.992744 -0.0582124
-0.0772913 -0.993125 0.0100945
-0.0668208 -0.997564 0.0249392
-0.077531 -0.996869 0.0684198
-0.0201514 -0.999591 -0.00433232
-0.0169557 -0.999649 -0.0017237
-0.0574863 -0.998344 0.132426
-0.184224 -0.979976 0.295809
-0.189464 -0.980882 0.281219
-0.146344 -0.989233 0.131209
-0.0531288 -0.997696 -0.0812454
-0.156713 -0.983252 -0.292613
-0.22465 -0.974358 -0.249928
-0.0391233 -0.998265 -0.338892
-0.427538 -0.903562 -0.231248
-0.0125172 -0.998138 -0.174153
-0.630522 -0.774005 -0.268404
0.714011 -0.697935 0.279677
-0.231295 -0.96762 0.0628706
-0.0982748 -0.995159 0.290798
-0.169149 -0.985158 0.155283
-0.127874 -0.989991 -0.019888
-0.214237 -0.976767 0.0593555
0.412533 -0.903246 0.293979
-0.181702 -0.982826 -0.378647
-0.220677 -0.975327 -0.408084
-0.147694 -0.986789 -0.146379
-0.129958 -0.991231 -0.325368
-0.226882 -0.973473 -0.287508
-0.0839292 -0.996452 -0.214721
-0.123882 -0.991816 -0.115762
-0.0656465 -0.99778 0.0618187
-0.109848 -0.993927 0.0834634
0.033538 -0.998537 0.0559658
-0.0279619 -0.999532 -0.0164929
0.0113837 -0.999934 0.041081
-0.103314 -0.994348 0.0345988
-0.10235 -0.994683 0.141573
-0.0446452 -0.998702 0.251837
-0.0958578 -0.994528 0.112405
0.0968112 -0.995011 0.224414
-0.0538928 -0.998488 0.41255
0.160693 -0.986981 0.252845
0.345047 -0.938564 -0.017127
-0.0774315 -0.996988 -0.197367
-0.0247133 -0.999512 -0.300098
0.0611321 -0.9972 -0.369871
-0.069516 -0.997573 -0.237614
0.0437176 -0.998923 -0.0272001
0.0133626 -0.999191 0.132167
-0.0382034 -0.99903 0.44621
-0.050679 -0.998707 0.39578
-0.0551476 -0.997392 0.171154
0.0367985 -0.997552 -0.106662
0.0123499 -0.999539 -0.380748
-0.088686 -0.996005 -0.254456
-0.0464729 -0.998523 -0.0048258
-0.0409719 -0.998699 0.22667
-0.0275262 -0.999155 0.306237
0.0473975 -0.997592 0.256879
-0.060604 -0.998117 -0.105312
-0.0865571 -0.995645 -0.0922182
0.0132867 -0.999851 -0.154936
0.0104119 -0.999905 -0.120517
-0.0393163 -0.999221 -0.0914051
-0.0756338 -0.996956 -0.117142
0.0588265 -0.99814 0.0790466
-0.0180533 -0.999454 0.269926
-0.051943 -0.996979 0.042818
0.0437025 -0.999035 -0.0371309
0.00756725 -0.999743 -0.0753509
0.0639648 -0.997911 0.0201221
0.00527798 -0.999939 0.205019
-0.0309474 -0.99918 -0.10021
0.034357 -0.99938 0.0874417
-0.0564982 -0.997798 -0.0264003
0.0282202 -0.999248 -0.115215
-0.0588469 -0.99792 -0.370782
0.00117815 -0.999833 -0.259615
-0.0661137 -0.996787 0.279513
0.0231744 -0.999565 0.787102
-0.0353538 -0.999306 0.545357
-0.0446802 -0.998997 -0.556591
-0.0368729 -0.999013 -1.23626
0.0247642 -0.999608 -0.860831
-0.0408971 -0.999158 0.368052
-0.0502956 -0.998664 0.962405
-0.00379811 -0.999173 0.414386
0.0453188 -0.998941 0.0792204
-0.0220235 -0.999234 -0.146223
-0.0112263 -0.998936 0.0228751
0.0216377 -0.999712 0.119025
0.0369738 -0.99918 0.0300803
-0.049401 -0.998753 0.0570623
-0.0571751 -0.99835 -0.0929703
-0.0318739 -0.999325 -0.286536
0.00180958 -0.999972 0.0614633
-0.0189012 -0.998881 0.145471
0.00592653 -0.999971 0.228432
0.0182152 -0.999593 0.0986205
0.0306977 -0.999495 -0.304781
-0.190941 -0.981429 -0.505455
-0.0577042 -0.99747 -0.57671
0.0645206 -0.997893 -0.0870194
-0.15952 -0.986059 0.25401
-0.0663699 -0.997588 0.614984
0.116727 -0.992976 0.316886
-0.0103701 -0.999562 -0.0611657
0.0524748 -0.998131 -0.0631965
-0.0812944 -0.996639 0.186363
0.00946945 -0.999902 0.381063
0.0435563 -0.998791 0.195605
-0.00520598 -0.999737 -0.12065
-0.0457028 -0.99881 -0.421516
-0.0895184 -0.994364 -0.408864
-0.0891187 -0.995592 -0.219723
-0.00835561 -0.999945 -0.0498938
-0.0477697 -0.998725 0.0770419
0.203052 -0.977181 0.318667
-0.0521147 -0.998637 0.479115
0.0103665 -0.999891 0.16865
0.0779393 -0.995159 -0.399995
0.0249553 -0.999071 -0.598147
0.0161865 -0.999336 -0.421239
0.0380001 -0.99867 0.207996
-0.0546979 -0.998281 0.566288
-0.0168656 -0.999793 0.330219
0.0474412 -0.996726 -0.180796
0.118605 -0.991912 -0.305017
-0.0896978 -0.995943 -0.204361
-0.00566951 -0.998621 -0.141402
-0.0545481 -0.998092 -0.0370406
-0.0964075 -0.995323 0.422213
0.0481103 -0.998841 0.625313
0.0296726 -0.999343 0.149828
-0.0511013 -0.997708 -0.328807
-0.0830022 -0.9964 -0.619772
-0.0473322 -0.998683 -0.417647
0.0547609 -0.998075 0.128186
-0.0799896 -0.996786 0.669534
-0.0665784 -0.996851 0.480002
0.0796984 -0.996298 0.295572
0.0283033 -0.998979 -0.193845
0.349475 -0.932841 -0.242202
-0.0213269 -0.999091 -0.326178
-0.0401517 -0.998791 0.00473934
0.0351778 -0.99938 0.481237
0.0697065 -0.997489 0.688903
0.028371 -0.999453 0.246733
0.0217691 -0.999629 -0.210328
0.0673055 -0.997464 -0.647751
-0.0243674 -0.999644 -0.189896
-0.0294938 -0.999559 0.226498
-0.039938 -0.999141 0.410298
-0.0282454 -0.999407 -0.0196375
-0.0259991 -0.999245 -0.230428
0.00324888 -0.999839 -0.206272
0.00595041 -0.999933 -0.133844
-0.0361363 -0.999056 0.0264293
-0.0650909 -0.997438 0.19511
-0.0284787 -0.999289 0.319205
-0.00830129 -0.999857 -0.0312379
-0.0899591 -0.995492 -0.564027
-0.00739404 -0.999956 -0.462387
-0.0218957 -0.999547 -0.0540907
0.0446504 -0.998994 0.454879
-0.00831745 -0.999635 0.317057
-0.0302456 -0.99908 0.340507
0.0324392 -0.999412 0.290574
0.0126936 -0.999546 0.273177
-0.0297521 -0.999247 0.0544299
0.230914 -0.969224 -0.15732
-0.0299021 -0.99955 -0.527958
-0.00804624 -0.999967 -0.296447
-0.00300076 -0.999835 0.0671844
-0.0108103 -0.999931 0.426146
-0.0166 -0.997363 0.538009
-0.0964833 -0.99531 0.307874
0.0879559 -0.994828 0.0382026
0.016212 -0.999547 -0.355789
0.0202464 -0.999795 -0.303707
-0.0596583 -0.997677 -0.0776738
0.0578752 -0.998178 -0.0309228
-0.0926154 -0.995694 -0.093879
0.00875703 -0.999937 -0.164844
-0.0516063 -0.99805 -0.196552
-0.038787 -0.999019 -0.158874
0.0108763 -0.999852 0.290348
0.0316009 -0.997225 0.492976
-0.0669944 -0.997753 0.536733
0.0164745 -0.999621 0.300564
0.00896502 -0.999959 -0.310928
-0.0587567 -0.998206 -0.721467
-0.0555957 -0.998375 -0.812287
0.0620977 -0.997864 -0.509397
-0.0248833 -0.997259 0.103428
-0.00131842 -0.999851 0.397363
0.0295214 -0.999536 0.433985
0.0690622 -0.997527 0.307351
0.0137485 -0.999312 -0.286577
0.0355578 -0.998507 -0.252954
-0.0554535 -0.997845 -0.130985
-0.0148459 -0.999888 0.094978
-0.017207 -0.999845 0.252739
0.00078119 -0.998725 0.147153
-0.0220671 -0.99891 -0.212276
0.00923455 -0.999756 -0.185657
0.121451 -0.991918 -0.189584
-0.148797 -0.987502 0.233564
0.041301 -0.995486 0.562812
-0.0346115 -0.999282 0.578263
0.0314117 -0.999506 0.317094
-0.102327 -0.993667 -0.143091
-0.0202969 -0.999149 -0.376346
0.0392288 -0.998542 -0.350873
-0.0784616 -0.996508 -0.221575
-0.0481754 -0.994706 -0.233662
-0.0592854 -0.99752 -0.183459
0.174921 -0.984562 0.0198272
-0.065434 -0.99776 0.125847
0.0796688 -0.995542 0.2016
-0.0528561 -0.998354 0.17627
-0.0754443 -0.9971 0.107696
0.00901445 -0.999583 -0.0924232
-0.00515544 -0.999731 -0.20465
-0.0523735 -0.998605 -0.223507
0.0309147 -0.99949 -0.0101979
0.0134903 -0.998966 0.112397
-0.79457 -0.603929 0.153427
-0.103679 -0.992406 0.217415
-0.171804 -0.98511 0.0520503
-0.0372385 -0.998323 0.0374362
-0.278355 -0.960326 0.0485509
-0.201757 -0.977941 -0.106634
-0.220014 -0.975403 -0.0820997
-0.152544 -0.986604 -0.215436
-0.182518 -0.983092 -0.381045
-0.192588 -0.980578 -0.678577
-0.189759 -0.980925 -0.594985
0.189423 -0.981637 -0.354371
-0.0392663 -0.998872 -0.15135
-0.202492 -0.978642 -0.14584
-0.127686 -0.988621 -0.0660727
-0.0576893 -0.998147 0.204391
-0.166621 -0.985985 0.293457
-0.114791 -0.993386 0.289284
-0.0455758 -0.993476 0.00567478
-0.107077 -0.994243 -0.0100935
-0.100012 -0.994328 -0.0110091
-0.0518117 -0.998398 0.108736
-0.140227 -0.990104 0.0969534
-0.0623441 -0.997704 0.115284
-0.0857605 -0.996312 0.170121
0.036007 -0.998322 0.0786139
0.985533 -0.168763 0.139836
-0.490031 -0.871703 0.171018
0.0314341 -0.99926 0.0108334
-0.0782883 -0.996741 0.0723805
0.0386692 -0.998088 0.00286146
-0.0564129 -0.998407 0.0161207
0.00443824 -0.999903 0.0198737
0.951361 -0.291821 -0.283377
0.0340712 -0.999383 -0.0565416
0.0452067 -0.998961 4.47818e-13
0.0852092 -0.996363 0.0978402
-0.0205184 -0.999724 0.202723
-0.00682849 -0.999964 0.056745
-0.1436 -0.989242 0.0220148
0.11734 -0.992799 0.0390813
0.0206645 -0.998983 0.0577592
0.00245113 -0.999449 -0.0875526
0.989779 -0.0854253 0.871115
-0.0488069 -0.998783 -0.00875553
-0.0536551 -0.998363 -0.133653
-0.122251 -0.99226 -0.269386
-0.0457031 -0.998644 -0.276749
0.176277 -0.982414 0.109871
0.0155978 -0.99971 0.176697
0.00898606 -0.999884 0.251828
-0.108415 -0.992776 -0.0209199
-0.00215112 -0.999541 -0.317578
-0.0871851 -0.994644 -0.388963
-0.0882415 -0.991701 -0.342646
-0.10061 -0.99466 -0.038254
-0.0126757 -0.999393 0.0977993
0.0340107 -0.998599 0.071595
-0.0323871 -0.999208 0.0906994
0.079719 -0.996526 -0.0236047
0.00308394 -0.999366 0.0733203
0.0217907 -0.999742 0.253768
0.00114762 -0.999327 0.302626
-0.0731519 -0.997232 0.0568214
-0.0351288 -0.998961 0.0765391
-0.210147 -0.976365 0.0168114
-0.142429 -0.989662 -0.0269497
-0.0135531 -0.999855 -0.0637752
-0.00130903 -0.999816 -0.00954396
0.0469144 -0.998385 -0.0111763
0.0530907 -0.998398 0.105091
0.0321649 -0.999479 0.0877507
-0.0690994 -0.997126 -0.053686
-0.0015475 -0.999421 -0.143232
0.036382 -0.997471 -0.300501
0.0325077 -0.998428 -0.172056
-0.196836 -0.980153 0.0816193
-0.0180355 -0.999776 0.240344
0.0749151 -0.996656 0.104168
-0.00814339 -0.999895 0.095895
-0.0706253 -0.996922 0.0191841
-0.0025951 -0.998436 -0.0720739
-0.0782111 -0.9966 -0.128249
-0.121689 -0.992503 -0.122611
0.0412591 -0.99891 0.0320642
-0.0959571 -0.994602 -0.0570043
-0.14811 -0.987705 0.0276273
-0.0893103 -0.994847 -0.00764986
-0.074382 -0.995748 -0.057754
0.0200442 -0.999698 0.00504728
0.00927615 -0.999603 -0.0042455
0.0418155 -0.99865 -0.0467731
0.0386791 -0.999149 0.057215
-0.00211716 -0.998382 -0.0635138
0.0430582 -0.99892 -0.0823712
0.00886239 -0.999776 -0.0209421
-0.0945718 -0.993712 0.00414554
-0.13734 -0.987436 -0.015039
0.0305488 -0.999521 0.0583392
0.626952 -0.769379 0.210954
0.67115 -0.74072 0.0398884
-0.0886252 -0.993901 0.0201758
0.554437 -0.830208 -0.0684944
0.63699 -0.766562 0.117631
0.547128 -0.829909 -0.130058
0.152224 -0.987734 -0.0790388
0.238662 -0.969167 0.0443405
0.518041 -0.854486 -0.0593444
0.138793 -0.990304 -0.0729494
0.0144415 -0.999466 -0.058771
0.667435 -0.736084 0.0910522
0.206945 -0.976914 -0.0689566
-0.339326 -0.939099 -0.000460642
0.152504 -0.986224 0.136366
0.193508 -0.980961 0.0926172
-0.0300755 -0.998492 -0.00423722
-0.195616 -0.967122 0.144236
0.375354 -0.926881 -0.0441326
0.209436 -0.973513 -0.05302
-0.0350835 -0.999036 0.134537
-0.0151612 -0.999273 0.317318
0.323964 -0.943959 0.226927
0.254757 -0.96413 -0.0408256
0.0373821 -0.997932 0.0128566
0.270102 -0.955974 0.115455
0.459665 -0.887453 0.0898186
-0.0855392 -0.991353 1.47076e-14
-0.057736 -0.997829 -1.59395e-13
-0.059902 -0.858798 1.17192e-12
0.104073 -0.83289 0.159268
0.0858509 -0.904598 2.56971e-13
0.220704 -0.734262 0.162892
0.289743 -0.930618 0.147496
-0.0102431 -0.997153 0.131666
0.149624 -0.987049 0.242985
0.226517 -0.972042 0.0773307
-0.00728171 -0.99719 0.0769145
-0.0826696 -0.991928 0.0782327
0.160347 -0.9847 0.113507
0.381568 -0.919112 0.0822859
0.165628 -0.98608 0.00165336
-0.0060629 -0.999031 0.0639318
0.175358 -0.983397 -0.0468569
0.254266 -0.965383 -0.214226
-0.244144 -0.966178 -0.259635
-0.0499971 -0.997883 -0.0801028
0.117256 -0.992884 0.0563008
0.0465543 -0.998916 -0.0300612
0.317526 -0.948041 -0.0612348
0.0738744 -0.99682 -0.0911249
0.147848 -0.988164 -0.219749
-0.0245632 -0.998235 -0.376153
-0.0926488 -0.98796 -0.285729
-0.475536 -0.876187 -0.168626
0.112124 -0.990817 -0.205305
0.106729 -0.986896 0.0899659
-0.649843 -0.759887 0.108718
-0.0103668 -0.986085 0.00480207
0.120108 -0.991239 0.411546
0.221541 -0.970619 0.173352
0.249817 -0.968131 0.0311605
0.200749 -0.979584 -0.133098
0.320644 -0.946843 -0.0951566
0.0891348 -0.993983 0.0683071
0.0295178 -0.998386 0.0908133
-0.0865741 -0.995582 0.221429
0.179692 -0.983594 0.222506
0.115788 -0.993003 0.0578581
-0.993487 -0.100686 -0.386561
-0.00988072 -0.998257 0.0046758
0.12618 -0.991161 0.0256019
0.0851809 -0.996365 -0.000853012
0.0417769 -0.999114 -0.00180347
-0.0689526 -0.997414 -0.0292907
-0.15349 -0.987393 0.0749477
-0.152296 -0.986617 -0.028718
0.034376 -0.99939 0.0624501
-0.0335635 -0.999414 0.00398676
-0.0519022 -0.99864 0.0171002
-0.121984 -0.992394 -0.198049
0.192015 -0.981383 -0.155462
-0.101536 -0.994751 -0.0699341
-0.17329 -0.98487 0.107519
-0.16422 -0.985969 0.202897
0.207991 -0.97808 0.36954
0.016183 -0.999869 0.211099
-0.0943246 -0.995501 -0.0687303
-0.0957334 -0.995323 -0.386965
0.400172 -0.916386 -0.478661
-0.0354599 -0.999154 -0.31263
-0.0121337 -0.999878 0.148287
-0.0653455 -0.997461 0.552061
-0.104483 -0.994508 0.435663
0.0757174 -0.99695 0.182901
0.149531 -0.987825 0.149652
-0.123981 -0.992281 -0.0364486
-0.10442 -0.994394 -0.316269
-0.12411 -0.99199 -0.464519
-0.109957 -0.993801 -0.235467
-0.0417393 -0.997729 0.177382
0.02277 -0.998308 0.215103
-0.0179957 -0.998897 0.244993
-0.0513344 -0.998668 0.0879739
-0.0690857 -0.997605 0.00646224
0.0193154 -0.999512 -0.213974
-0.00285573 -0.999742 -0.200512
0.00261461 -0.999802 0.162807
0.203048 -0.977054 0.315584
-0.997065 0.0323438 0.861361
-0.0500986 -0.998744 0.0521317
0.0771856 -0.997009 -0.103282
-0.0226017 -0.998835 -0.185945
-0.0421367 -0.998942 -0.227576
0.063968 -0.997952 -0.209563
-0.0591971 -0.998217 -0.0244039
-0.0759608 -0.997078 0.0828392
-0.0264791 -0.999604 0.172637
-0.105905 -0.994317 0.216551
-0.068069 -0.99691 0.239945
0.0846206 -0.995139 0.0490288
-0.0574859 -0.99834 -0.0394804
0.0741351 -0.99673 -0.185884
0.0164547 -0.99922 -0.117276
-0.130327 -0.991421 -0.00135879
-0.0218283 -0.999597 -0.264666
-0.0344682 -0.998093 -0.197969
-0.0866248 -0.996175 0.00510694
-0.056043 -0.998201 0.313339
-0.134423 -0.9906 0.275541
0.137837 -0.988098 0.25412
0.215916 -0.976396 0.123098
-0.00922885 -0.998457 0.0437858
0.0219563 -0.999611 0.00529731
-0.0165097 -0.999809 -0.0896526
-0.0179132 -0.999404 -0.0756684
0.0304915 -0.999494 -0.0826122
-0.0492217 -0.998694 0.0559563
-0.994241 -0.104072 -0.124932
0.000145651 -0.99991 -0.00153508
0.0184359 -0.999529 -0.0312899
-0.991575 -0.0013225 0.695417
-0.0325138 -0.998021 -0.0567032
-0.0143951 -0.999538 0.0133596
-0.0181875 -0.999365 0.316333
-0.0911062 -0.995676 0.251691
-0.0465374 -0.998901 -0.196689
-0.0192691 -0.999325 -0.314543
0.120588 -0.99246 -0.213242
-0.121321 -0.992517 -0.15445
0.21977 -0.975147 -0.110313
0.280915 -0.959709 0.0361557
0.0975511 -0.995165 0.235116
-0.107976 -0.993585 0.253516
0.0144282 -0.998921 0.000284469
-0.0666009 -0.99742 -0.031889
0.0965873 -0.994938 -0.18748
-0.00683829 -0.999307 -0.237121
-0.0526883 -0.998193 -0.00518758
-0.0344054 -0.999157 0.260866
0.00706144 -0.999755 0.292184
0.0341711 -0.999012 0.0608104
-0.0530604 -0.998407 -0.084893
0.0991326 -0.994791 -0.0771614
-0.0916431 -0.995792 -0.151235
-0.0721787 -0.997377 -0.159475
-0.0598639 -0.998093 -0.096606
-0.0244654 -0.99937 0.051211
-0.0963321 -0.995238 0.132351
-0.0650395 -0.99788 0.141578
-0.104761 -0.99398 -0.00801805
-0.103712 -0.994552 0.0113863
0.189465 -0.981549 -0.0852112
-0.0688207 -0.995713 0.00660777
-0.113539 -0.993101 0.0437715
-0.0762813 -0.997019 0.197846
-0.0955027 -0.995041 0.13646
0.0208786 -0.999749 0.013319
0.146162 -0.982584 0.200602
-0.114741 -0.992426 -0.0827233
0.341321 -0.935691 0.113642
-0.190493 -0.981641 -0.00129358
-0.123191 -0.9912 -0.162402
0.0300603 -0.999028 -0.0164162
-0.15005 -0.986842 -0.177548
0.10866 -0.992859 -0.0112107
-0.00694102 -0.999974 0.231835
-0.185516 -0.98261 0.292801
-0.0722827 -0.994937 0.073856
-0.0803142 -0.996218 -0.0786407
-0.0603272 -0.998133 -0.146035
-0.216016 -0.97536 -0.214319
0.090878 -0.995852 -0.0558547
-0.12574 -0.992058 0.13872
-0.194856 -0.974619 0.373686
0.298535 -0.949926 0.0458832
-0.187561 -0.982221 0.0753315
-0.124454 -0.991892 0.0846932
-0.0818853 -0.995344 0.000934142
-0.123647 -0.990616 -0.113025
-0.110133 -0.989565 -0.204212
-0.501866 -0.861765 -0.0755032
0.0184718 -0.999532 -0.124061
-0.188884 -0.981658 -0.0938116
-0.114159 -0.993449 -0.11221
-0.258287 -0.965632 -0.186776
-0.133021 -0.990996 -0.227456
-0.241939 -0.968527 -0.306974
-0.232911 -0.972493 -0.197052
-0.184435 -0.982119 -0.170647
0.0247147 -0.996735 -0.261425
-0.11038 -0.991034 -0.345941
-0.0588616 -0.987143 -0.465673
-0.120679 -0.992582 -0.102871
-0.262055 -0.965014 -0.212589
-0.0700363 -0.997541 -0.148472
-0.130902 -0.991371 0.041157
-0.0742034 -0.995349 0.249637
-0.0898748 -0.99553 0.232789
-0.154624 -0.986996 0.234121
-0.0993689 -0.994217 0.163114
0.00380672 -0.997305 0.138945
-0.337709 -0.940657 -0.130037
0.00461455 -0.999955 -0.430582
-0.085891 -0.996146 -0.337327
-0.0751495 -0.997171 -0.0916288
-0.171833 -0.98225 -0.183445
-0.0201282 -0.999706 -0.402501
-0.035152 -0.998889 -0.344175
-0.123283 -0.992011 -0.0532771
-0.0291117 -0.999505 0.248765
0.0196931 -0.999076 0.685484
-0.151919 -0.988381 0.728021
0.0265373 -0.999428 0.29392
0.0271244 -0.99949 -0.154563
0.0185015 -0.999766 -0.286857
0.0557986 -0.997717 -0.021225
0.0505697 -0.998719 0.0339937
-0.0503177 -0.99872 -0.00579781
0.0494287 -0.998601 0.0768973
0.045302 -0.998419 0.0502746
0.0136024 -0.999555 -0.0187126
-0.241729 -0.967806 -0.0147181
-0.0391463 -0.999054 -0.275445
-0.0787735 -0.996877 -0.0198572
-0.0398265 -0.99905 0.10324
0.0209465 -0.999753 0.191696
0.0179464 -0.999685 -0.00303255
-0.0447483 -0.99871 -0.209737
0.0499897 -0.998749 -0.251693
0.034265 -0.999413 -0.227515
-0.0479054 -0.998733 -0.10196
0.0347887 -0.998355 0.0117725
-0.00367277 -0.999939 0.22139
-0.0223266 -0.99974 0.229545
0.0325716 -0.999303 0.0864275
-0.0346796 -0.999396 0.00226613
0.0349574 -0.999387 -0.0860936
-0.0406706 -0.999097 -0.00830323
-0.0839602 -0.996051 -0.0268203
0.0537611 -0.998524 -0.01335
-0.0578905 -0.997674 -0.0381386
-0.000229759 -0.99968 -0.0461513
0.0105617 -0.999731 -0.00277334
-0.0822322 -0.996514 0.132765
-0.00505465 -0.999974 0.0771864
-0.0109812 -0.999498 -0.147074
-0.0311292 -0.999507 -0.259128
-0.0404166 -0.99904 -0.125172
-0.000318371 -0.999999 0.195897
0.0440731 -0.998963 0.194528
0.0473249 -0.998867 0.250262
-0.0146514 -0.999891 0.153263
-0.045595 -0.998839 -0.0878942
-0.0284013 -0.999327 -0.134369
0.0526689 -0.998453 -0.0789185
-0.0308527 -0.99952 0.278965
0.0818335 -0.996608 0.0978649
0.0583567 -0.997952 -0.00119564
0.0824473 -0.99655 -0.137186
0.0230325 -0.999715 -0.0929788
-0.000185754 -0.999961 -0.103847
0.0645547 -0.997857 -0.0152919
-0.0130972 -0.999801 -0.053886
0.0731336 -0.997314 0.130836
-0.0157397 -0.999678 0.0579939
-0.101938 -0.994536 0.109695
-0.0162232 -0.999865 0.0442894
0.060791 -0.998066 -0.0374084
0.0784314 -0.996919 -0.066022
-0.0937457 -0.995543 -0.147221
-0.110468 -0.99362 -0.139932
-0.0237063 -0.999618 -0.0867485
-0.055814 -0.998022 -0.0599327
0.0915447 -0.995364 0.0692226
0.100726 -0.994913 0.14862
-0.226837 -0.973401 0.0188446
0.0180397 -0.999766 0.0634261
0.176837 -0.983741 0.214573
-0.0392477 -0.998505 0.0387891
0.179676 -0.983494 0.0946992
0.0337981 -0.999375 -0.120734
0.283084 -0.958791 -0.0126113
-0.108942 -0.99211 -0.093467
0.0129561 -0.999911 0.00533471
0.176539 -0.983474 0.238674
0.00999924 -0.999388 0.102573
0.139186 -0.990266 0.045615
-0.259738 -0.965572 -0.0365407
0.0904585 -0.995088 0.0881507
0.165852 -0.984498 0.0994017
-0.339585 -0.938494 0.112269
-0.0595242 -0.99781 0.121565
0.0832613 -0.996472 0.170649
0.00328948 -0.998122 0.00950618
0.0394766 -0.998983 0.138876
-0.01847 -0.999654 0.00866513
-0.0993836 -0.994628 0.0253928
0.0608299 -0.997367 0.0108109
0.0255499 -0.999608 0.0277963
-0.120308 -0.990728 0.00469213
-0.142213 -0.989785 0.120499
-0.0799534 -0.996177 -0.0346461
-0.0373193 -0.998943 0.0913594
0.0186073 -0.999329 0.0731409
-0.449363 -0.887946 -0.441099
0.00166859 -0.999237 -0.167935
0.041777 -0.999126 -0.682995
-0.00840318 -0.999794 -0.701218
-0.0407329 -0.999008 -0.0390531
0.0524768 -0.998541 0.479167
-0.237428 -0.971405 0.953682
-0.0776015 -0.996983 0.175809
0.151029 -0.987492 -0.553116
0.0677225 -0.997448 -1.10967
0.18668 -0.982207 -0.191778
-0.0698534 -0.996155 0.530063
0.0591585 -0.998234 1.03419
0.0652239 -0.9972 0.476197
-0.014637 -0.99975 -0.259257
-0.0457025 -0.998947 -0.615354
0.120182 -0.992605 -0.129618
0.212705 -0.977113 0.561801
0.0038519 -0.999989 0.88124
0.089019 -0.995934 0.5317
0.0598084 -0.996278 -0.18262
-0.00377766 -0.99996 -0.675164
0.0552455 -0.998302 -0.58264
0.036326 -0.999299 -0.0642498
0.0449396 -0.998257 0.163725
-0.0151484 -0.999642 0.11215
0.112093 -0.993638 0.00232509
0.0654524 -0.997155 -0.0474442
0.00641843 -0.99997 0.0235182
0.0169095 -0.999425 -0.224215
0.0450631 -0.998547 -0.172808
-0.0308802 -0.999517 0.0498197
0.0599577 -0.997432 0.57061
-0.00929385 -0.999941 0.494719
-0.0637754 -0.995432 -0.0721661
-0.0419125 -0.999063 -0.36977
-0.00491169 -0.99994 -0.32942
-0.027116 -0.998969 -0.1797
0.0273457 -0.99826 0.153394
0.0434636 -0.998977 0.319944
0.0367493 -0.996988 0.403828
-0.00400062 -0.999449 0.192817
-0.00401482 -0.998661 -0.274567
0.0430076 -0.997134 -0.0211761
0.00329749 -0.999994 -0.356613
0.00954935 -0.99993 -0.185044
-0.0307433 -0.999257 0.0936424
0.0157434 -0.999876 0.49843
-0.0396089 -0.999204 0.399482
0.00480845 -0.999889 -0.101482
-0.0350231 -0.998611 -0.233588
0.0622607 -0.998007 -0.188826
-0.0831281 -0.995788 -0.0978873
0.00773096 -0.999853 -0.0642605
-0.0594997 -0.997876 -0.1689
-0.0284376 -0.999023 0.00744749
0.520703 -0.851803 0.0882904
-0.0275961 -0.999004 0.111327
0.0732927 -0.996852 0.144522
0.0212857 -0.999707 0.156366
-0.194873 -0.978235 0.0391245
0.00394438 -0.999803 -0.220559
0.0198941 -0.999756 -0.345396
-0.0414321 -0.99911 -0.154484
-0.286477 -0.958083 0.0928864
0.0583138 -0.998291 0.113241
-0.0591493 -0.997991 0.205657
0.0451678 -0.998979 0.0105477
-0.00118824 -0.999842 -0.28908
-0.0233451 -0.999095 -0.184173
0.0137355 -0.9999 0.233346
0.0110363 -0.999939 0.460757
0.0292748 -0.999529 0.172428
0.0264302 -0.999546 -0.256675
-0.0290488 -0.998751 -0.478999
-0.0143985 -0.999346 -0.220605
-0.0962054 -0.994064 0.181115
-0.046899 -0.998199 0.458117
0.059615 -0.998185 0.407727
-0.125373 -0.992102 0.101843
-0.0487183 -0.998378 -0.221363
-0.0551563 -0.998462 -0.204694
-0.0075075 -0.99922 -0.131407
-0.296204 -0.954556 -0.0356442
-0.106315 -0.993476 -0.00983684
-0.182911 -0.982929 0.0421408
-0.155521 -0.981659 -0.0666339
-0.305272 -0.949541 -0.0465483
0.0226226 -0.999732 0.0464003
-0.258249 -0.965779 -0.0673138
-0.242542 -0.967885 -0.0938377
-0.080184 -0.99634 -0.0205691
0.0513349 -0.998278 -0.0362327
-0.142634 -0.989365 -0.0101958
0.0665722 -0.997344 -0.0197199
0.0204192 -0.998177 -0.0251559
-0.134063 -0.989764 -0.132553
-0.239917 -0.970576 -0.151933
-0.114715 -0.991108 -0.288338
-0.0815994 -0.994627 0.205246
-0.174621 -0.98193 0.166181
-0.101042 -0.994053 -0.00375328
-0.114187 -0.993306 -0.045642
-0.168489 -0.985672 -0.0550367
-0.152837 -0.988222 -0.0973074
-0.135839 -0.990473 -0.245347
-0.0984131 -0.994932 -0.18517
-0.054474 -0.99791 0.00964746
-0.117827 -0.990871 -0.11249
-0.0859113 -0.99614 0.0253801
-0.0901203 -0.995875 0.0760881
-0.11471 -0.993105 -0.194403
-0.0580639 -0.998296 -0.0852215
-0.0652181 -0.994206 -0.0280992
-0.0532372 -0.998361 0.311937
-0.045757 -0.99895 0.370684
-0.0542313 -0.998364 0.457263
-0.0479017 -0.998695 0.181109
-0.0255213 -0.999555 0.0214379
0.0095501 -0.999348 -0.0154907
0.0138666 -0.999866 0.0441734
-0.0265854 -0.999479 -0.0371886
0.00403262 -0.997127 -0.0809506
-0.018689 -0.99974 0.0269206
-0.0354009 -0.999309 0.0362641
-0.0748555 -0.996852 -0.0342727
0.013902 -0.999792 -0.262466
-0.00763981 -0.999287 -0.156979
0.0122376 -0.999925 -0.00372777
-0.0187947 -0.999654 0.160434
0.0124011 -0.999799 0.239876
-0.0194628 -0.999379 0.136427
-0.002788 -0.999983 0.140601
0.0245413 -0.99958 0.00210664
7.14785e-05 -0.999397 -0.246201
0.00759878 -0.999965 -0.0929326
-0.0167419 -0.999727 0.0145789
0.0488845 -0.998714 -0.0088515
0.0105975 -0.998405 0.0423471
0.00347688 -0.999622 -0.124576
0.0597222 -0.998213 -0.248827
-0.0269661 -0.999465 -0.456296
0.00956591 -0.999818 -0.210376
0.0690723 -0.997255 0.0948201
-0.00612728 -0.999941 0.233792
-0.00854828 -0.999963 0.111706
-0.0075915 -0.99959 0.0406058
0.0258343 -0.999617 0.0125771
-0.00562142 -0.99997 0.115181
-0.0355144 -0.99929 0.127022
0.0138536 -0.99985 0.0108758
0.00127749 -0.99996 0.151752
-0.066277 -0.997563 0.063041
-0.0160222 -0.999871 -0.14291
-0.253047 -0.966626 -0.114505
-0.0564898 -0.997205 -0.200443
0.0792696 -0.993074 0.285701
0.0135203 -0.999899 0.199238
0.0180483 -0.999558 0.228017
-0.00116832 -0.999925 -0.311774
-0.0203839 -0.998281 -0.259609
-0.0274735 -0.999583 -0.0948906
-0.00472277 -0.999972 0.357627
-0.0231634 -0.999417 0.384913
-0.0405669 -0.99916 0.310901
-0.00485491 -0.999281 0.0215819
0.0139689 -0.999902 -0.0356022
0.0133836 -0.99966 -0.0748707
0.00325786 -0.999564 -0.0374763
-0.000930746 -0.999498 -0.0106963
-0.0272211 -0.999616 -0.0370394
0.000695916 -0.999949 -0.188736
-0.017571 -0.999421 0.0259216
-0.0157476 -0.999608 0.129427
-0.00605633 -0.999734 0.109321
0.0295441 -0.999555 -0.103782
-0.0240804 -0.999527 -0.295549
-0.0249927 -0.999447 0.0292765
0.0466607 -0.998841 0.3512
-0.0529049 -0.998597 0.232004
0.0147803 -0.999828 0.0811486
-0.0089715 -0.999683 -0.176066
0.00481332 -0.999976 0.0875847
0.0180202 -0.999718 0.119362
-0.0230089 -0.999022 0.0352717
-0.0194627 -0.999723 -0.322084
0.0093365 -0.999953 -0.227542
0.0148262 -0.999847 -0.240156
0.000847062 -0.999829 0.318453
-0.00510889 -0.999966 0.400794
0.0423152 -0.999104 0.232596
0.0199936 -0.999095 -0.337259
0.0542145 -0.998522 -0.349521
0.0265348 -0.999611 -0.173681
-0.00466406 -0.999903 -0.0370091
-0.0168799 -0.999828 0.217393
0.0297708 -0.997323 -0.013889
-0.235018 -0.971983 -0.0877061
0.226809 -0.973531 -0.377012
-0.0118281 -0.999438 -0.0657531
0.038746 -0.999248 0.0650536
-0.0491564 -0.998549 0.105995
-0.0748443 -0.997195 0.0640177
-0.027197 -0.99951 0.00270067
-0.0290984 -0.999576 -0.0189911
0.00326811 -0.999931 -0.228009
-0.0136193 -0.999906 -0.0708331
-0.0627735 -0.997996 0.156931
-0.0338365 -0.999426 0.451339
-0.0170153 -0.999742 0.361922
0.0606233 -0.99813 -0.00441379
-0.0402715 -0.99832 -0.325537
-0.093424 -0.994371 -0.412081
0.0514331 -0.998669 0.147161
0.00221835 -0.999247 0.267659
-0.000762467 -0.999997 0.855216
-0.0270725 -0.999619 0.549711
-0.0797608 -0.996117 0.0232605
-0.00371183 -0.999702 -0.56352
0.00358659 -0.999993 -0.637467
0.0208322 -0.999766 -0.399116
0.00485137 -0.999777 -0.0010335
-0.0563704 -0.998313 0.334197
-0.0221616 -0.997946 0.138524
0.0251824 -0.999643 0.227997
-0.0348902 -0.999231 0.14703
-0.0342177 -0.999332 -0.0131629
-0.0336632 -0.999354 -0.140505
0.00729707 -0.999243 -0.217077
-0.0292874 -0.999373 -0.0732113
-0.0451139 -0.998902 0.220108
-0.0224859 -0.999711 0.0838595
0.0200342 -0.999402 0.0746056
0.0371694 -0.999309 -0.0814275
0.0814695 -0.9964 0.0162137
-0.0136756 -0.9999 -0.231543
0.0462132 -0.998905 -0.105014
0.0283207 -0.998757 0.300261
0.0251679 -0.999682 0.210839
0.0380299 -0.999088 0.140718
-0.0293969 -0.999533 0.23417
-0.0499924 -0.998372 0.346334
-0.0284771 -0.999477 0.277121
0.0267624 -0.999571 -0.191317
0.0130356 -0.999383 -0.250309
-0.0300282 -0.999373 -0.141084
-0.0218854 -0.999681 -0.0255413
-0.0248014 -0.997864 -0.12458
0.0180548 -0.999686 0.0254005
-0.0484759 -0.998824 -0.0300338
0.0260325 -0.999052 0.112877
0.0152267 -0.999287 -0.0557172
0.0324594 -0.999366 0.0752594
-0.11977 -0.991743 -0.0557817
-0.036946 -0.999011 0.00971118
0.0833771 -0.996452 0.0839045
0.00332527 -0.999635 -0.0361569
-0.0346725 -0.998603 0.0185656
-0.0169747 -0.999833 0.0422488
-0.0321623 -0.998031 -0.108129
-0.0477766 -0.998856 -0.0220586
-0.105453 -0.993946 -0.00744432
-0.100289 -0.990165 -0.0280858
-0.0234692 -0.999723 0.148833
-0.016308 -0.99897 0.0131349
-0.04663 -0.997999 -0.0621326
-0.173708 -0.984698 0.00283101
-0.141787 -0.989032 -0.0273578
-0.0507281 -0.996461 -0.150613
-0.0984494 -0.994475 0.0405595
-0.0569108 -0.995615 0.008871
-0.157 -0.986742 0.0567469
-0.0769497 -0.996175 0.181797
-0.329557 -0.944136 0.0464103
-0.58463 -0.811233 -0.00521493
-0.471517 -0.881743 -0.113719
-0.0844333 -0.996374 -0.210203
-0.0133491 -0.999844 -0.214569
-0.0952698 -0.994484 -0.121374
-0.178773 -0.983835 0.15472
-0.0903518 -0.995905 0.117652
-0.0936616 -0.995604 0.087315
-0.0861054 -0.995329 0.394937
-0.0699666 -0.997231 0.345768
0.0609505 -0.99431 0.264616
-0.12205 -0.991681 -0.308543
-0.272916 -0.958028 -0.174731
-0.174868 -0.984552 -0.00157707
-0.0576631 -0.998318 -0.287338
-0.213943 -0.975652 -0.252608
-0.0710757 -0.995911 0.0435418
0.024085 -0.999477 0.384164
-0.146089 -0.986161 0.333689
-0.0347542 -0.998639 0.454117
-0.116021 -0.991461 -0.0684634
-0.0357127 -0.999361 -0.420059
-0.051612 -0.998421 -0.299009
0.0426665 -0.998783 -0.0243695
0.0183901 -0.999435 0.128953
0.0256933 -0.997385 0.595873
-0.0172182 -0.999795 0.484389
0.00463577 -0.999679 0.030962
-0.0200133 -0.999651 -0.402758
-0.0356742 -0.998423 -0.538968
-0.00241997 -0.999964 -0.139543
0.0213044 -0.999395 0.0520476
0.113589 -0.992316 0.207112
0.0421433 -0.999073 0.0939525
-0.0319473 -0.998863 -0.0141653
0.00565805 -0.999414 0.152923
-0.0159126 -0.99981 0.01998
-0.056067 -0.998365 -0.0171314
-0.00442934 -0.999867 -0.284443
-0.0955122 -0.995427 -0.19464
-0.000869945 -0.998056 -0.11922
0.0231468 -0.999059 0.215399
0.00998322 -0.999586 0.121785
0.00126793 -0.999904 -0.150288
-0.00986906 -0.99994 -0.152601
0.0187016 -0.999634 0.0538977
0.00219437 -0.999607 0.0285519
-0.0560131 -0.998276 -0.172592
0.0145216 -0.999721 -0.238945
-0.0511884 -0.998494 0.198246
0.0598352 -0.997976 0.405015
0.0284725 -0.999581 0.326985
-0.0445737 -0.998743 -0.0954766
-0.0220869 -0.999755 -0.331823
0.0152067 -0.999852 -0.193486
0.120647 -0.992671 0.113595
-0.0326225 -0.999452 0.155256
-0.0668711 -0.997698 0.132239
0.0089949 -0.99986 -0.0392612
0.031054 -0.999412 0.0698332
0.026077 -0.99966 0.0750043
-0.0362023 -0.999123 0.26296
-0.0152711 -0.999588 0.107764
-0.0417308 -0.99904 0.0565189
0.0136634 -0.999818 -0.0781253
0.0646705 -0.99744 -0.0974698
0.0784246 -0.996689 -0.0102015
0.00555669 -0.999228 -0.0676296
0.0373135 -0.998673 -0.0516579
0.00115183 -0.999972 0.0345114
0.0020155 -0.997101 0.0261907
-0.0167715 -0.999239 0.0863844
0.0255856 -0.999102 0.0373472
-0.0141983 -0.999787 0.0160761
-0.0504647 -0.998156 0.183485
-0.0676416 -0.997598 0.0677573
0.0581276 -0.997812 -0.0104454
0.00179407 -0.999293 0.115232
0.0534617 -0.998469 0.0163228
0.0574808 -0.998296 0.0986039
0.0782095 -0.99678 -0.0107621
-0.000663593 -0.998395 -0.257825
-0.0828133 -0.996555 -0.425363
0.05245 -0.998224 -0.304944
0.0709693 -0.997324 -0.243069
0.0790415 -0.994219 -0.479544
0.106922 -0.994227 -0.212413
-0.0363871 -0.997973 0.0774879
0.119374 -0.991648 0.107618
-0.0607576 -0.998086 0.416824
0.111479 -0.993701 0.519493
0.0787369 -0.996653 0.132862
0.0363258 -0.999334 -0.0675397
-0.0371613 -0.999048 0.0107367
0.0488335 -0.998735 0.22966
-0.092913 -0.995558 0.0344243
0.0286043 -0.999587 -0.110722
-0.0870426 -0.995113 -0.228971
0.0264792 -0.999596 -0.265441
-0.131332 -0.98747 -0.436321
-0.112815 -0.991228 -0.123184
0.626458 -0.757266 0.856016
-0.169609 -0.985196 0.0113707
-0.153447 -0.988145 0.110272
-0.159493 -0.986126 0.404551
-0.125462 -0.992037 0.31916
-0.504924 -0.862895 0.313451
-0.0983267 -0.995003 -0.24973
-0.111387 -0.992803 -0.255786
-0.0732678 -0.995736 -0.319109
-0.300216 -0.953762 0.0145758
-0.258375 -0.965271 0.123766
-0.100606 -0.994925 0.10037
-0.0597698 -0.998034 0.0290252
-0.0571392 -0.99799 -0.032055
-0.0107929 -0.999501 -0.0765383
0.051669 -0.997433 -0.15673
-0.019694 -0.999789 -0.153208
0.0658614 -0.997336 -0.0812774
0.107828 -0.99376 -0.0595865
0.118865 -0.992583 -0.0732457
-0.0800201 -0.996112 0.0241969
-0.127511 -0.991795 0.0657069
-0.110684 -0.992529 0.0437475
0.250039 -0.967225 -0.0238765
0.367252 -0.928678 0.186611
0.252265 -0.967658 0.123971
0.212196 -0.975347 0.25151
-0.0447764 -0.99894 -0.022472
0.165001 -0.98587 -0.188953
0.242204 -0.964618 -0.383536
0.0356253 -0.998897 -0.382683
0.0924643 -0.993984 -0.615736
-0.0312454 -0.999481 -0.117496
-0.000188843 -0.999566 0.208536
0.00910114 -0.997829 0.54105
0.156413 -0.986106 0.529608
0.224857 -0.973392 0.183064
0.155562 -0.985508 -0.32692
0.224482 -0.974382 -0.463053
0.137677 -0.990328 -0.301498
0.215136 -0.974523 -0.156614
0.187065 -0.982271 0.147044
0.107757 -0.994175 0.259046
0.247796 -0.968683 0.183872
0.0718421 -0.994635 -0.0179103
0.142007 -0.989832 -0.0087152
0.102234 -0.994168 -0.0744884
0.0808911 -0.996705 -0.045773
0.21741 -0.976001 -0.146491
0.148701 -0.987741 -0.183056
0.166031 -0.98396 -0.002496
0.0427352 -0.998217 0.186267
0.10314 -0.994631 0.221155
0.0563095 -0.997387 0.216136
0.0537619 -0.998308 0.249296
-0.0250238 -0.998878 0.322071
-0.0345608 -0.998384 0.132518
0.0934104 -0.995404 0.0351538
-0.0363162 -0.999135 -0.00963592
0.0550048 -0.998424 -0.0488229
0.00100468 -0.999991 -0.0959501
0.0119461 -0.999917 -0.179677
-0.019974 -0.99953 -0.22029
0.03941 -0.999204 -0.0448157
0.0443766 -0.998976 0.0209086
-0.969072 -0.0965479 1.11112
-0.0159206 -0.999798 0.18002
-0.114993 -0.992964 0.234915
-0.0332538 -0.999443 0.123199
0.00685589 -0.999849 0.0692131
-0.0241896 -0.999408 0.043566
-0.0186316 -0.999781 -0.0148224
-0.0674883 -0.997703 -0.00370275
0.0988331 -0.995067 -0.00621999
-0.0257649 -0.999667 0.0141095
-0.0573413 -0.998351 0.0236715
-0.00256744 -0.999997 -0.00911823
-0.0271912 -0.999623 -0.0026401
0.00521937 -0.999831 0.00385216
0.0621804 -0.998015 0.0951411
0.00872113 -0.999924 0.135565
0.0476794 -0.998623 0.167155
0.0434616 -0.998607 0.0447772
0.0016789 -0.999878 0.0541204
0.030504 -0.99953 0.00314645
0.0214994 -0.999698 -0.0920085
0.00603607 -0.999966 -0.125987
-0.0164893 -0.999328 -0.165992
-0.0218655 -0.99944 -0.137964
-0.0213669 -0.999329 -0.00749133
-0.0574264 -0.998055 0.0233003
0.00837254 -0.998985 0.120734
0.00344733 -0.99991 0.0928893
0.0330994 -0.999445 0.0831563
0.0577391 -0.998224 0.10347
-0.0260114 -0.999622 -0.0126144
-0.00723486 -0.999962 -0.200169
-0.0133853 -0.999714 -0.487428
0.0980901 -0.993501 -0.283437
-0.0152284 -0.999729 0.246323
0.0605904 -0.997851 0.586298
-0.0134383 -0.999879 0.483535
0.00669265 -0.999591 -0.00523039
-0.0349574 -0.99938 -0.334981
-0.0179552 -0.999572 -0.533221
-0.0429406 -0.99872 -0.110414
0.0134455 -0.999819 0.245146
-0.0168131 -0.999674 0.288774
0.0266479 -0.999438 -0.0066416
-0.0248417 -0.999635 -0.175018
-0.0749321 -0.99701 -0.158764
-0.111768 -0.993725 0.0431345
-0.0220867 -0.998968 0.268521
-0.0121376 -0.999851 0.079924
-0.000859892 -0.99977 0.00820477
0.0538123 -0.998428 -0.0474689
-0.017974 -0.999832 -0.10237
-0.0242925 -0.999634 -0.0520484
-0.0736226 -0.996923 -0.0261332
0.0285087 -0.998649 0.0216191
0.012647 -0.998685 -0.0281068
-0.00491758 -0.997313 -0.0544356
-0.0196938 -0.999254 0.14113
-0.0423775 -0.999102 0.100369
-0.0425113 -0.998901 9.55251e-13
-0.971967 -0.169258 0.883074
-0.0382365 -0.999246 0.00275251
0.0506373 -0.998574 0.00868118
-0.0275934 -0.998377 -0.143815
0.0760037 -0.996361 -0.0781231
0.0466125 -0.997563 -0.0665291
-0.0226935 -0.999555 0.0313302
0.0907241 -0.995839 0.0855041
-0.0811584 -0.995687 0.164929
0.0450802 -0.998974 0.0978318
-0.0452789 -0.99836 -0.0116845
-0.0982626 -0.995015 -0.0468071
0.00370304 -0.998959 -0.078676
-0.137045 -0.990563 -0.1002
-0.124733 -0.992056 0.0151702
0.0564941 -0.998403 -0.0110886
-0.0361113 -0.999339 0.0988789
-0.0497966 -0.99849 -0.0590491
0.199739 -0.979708 -0.000184456
-0.0972088 -0.995166 0.0050293
0.0754533 -0.996186 0.000790087
-0.127546 -0.990809 0.0430505
-0.0133738 -0.999767 -0.0104046
0.0631912 -0.99798 -0.117474
0.0624872 -0.997623 -0.086189
-0.0236432 -0.999185 0.038033
0.097897 -0.995193 0.115636
-0.234919 -0.969346 0.0373865
-0.140931 -0.989054 -0.0974578
-0.17774 -0.983981 -0.140161
0.04169 -0.998534 -0.0768559
0.788521 -0.614848 0.018004
0.358907 -0.930287 0.468735
-0.501457 -0.860166 0.108577
-0.22395 -0.973953 -0.16071
0.483749 -0.875195 -0.00925943
0.159691 -0.979184 0.296401
0.159044 -0.978979 0.113356
-0.23556 -0.971809 0.11902
0.0881821 -0.995373 0.207583
-0.132995 -0.989603 0.285753
-0.180582 -0.981913 0.159107
0.179914 -0.983676 0.0731371
-0.00937153 -0.997588 -0.00277866
0.149888 -0.985042 0.0816604
0.24742 -0.968168 0.0786013
0.0619175 -0.993131 0.125492
0.135458 -0.990452 0.0230293
-0.0473385 -0.998742 0.0844844
0.248377 -0.968379 0.110775
0.0466384 -0.995815 -0.085884
0.105813 -0.994386 0.0551973
-0.0318249 -0.996697 0.232221
0.00477492 -0.999985 0.11575
0.235791 -0.971128 0.0982864
-0.350667 -0.935184 0.168306
-0.754609 -0.632019 -0.205371
0.330002 -0.943749 0.0548408
0.262198 -0.965011 0.176871
0.238344 -0.97118 0.097761
0.129913 -0.991233 -0.0129193
0.151511 -0.98791 -0.111653
0.0245917 -0.99967 -0.17713
0.117646 -0.993024 -0.144058
0.113138 -0.993566 -0.0125965
-0.115113 -0.993325 0.0568943
-0.0369155 -0.997937 0.0511548
-0.0524236 -0.998618 -0.0015131
0.0490083 -0.998672 -0.0172288
-0.0367028 -0.99923 -0.070449
0.0401386 -0.999194 -0.072478
0.0824701 -0.995945 0.0513961
0.0225461 -0.999695 -0.0632128
0.0211866 -0.999724 0.00757021
-0.0637591 -0.997962 -0.0135959
0.0705197 -0.997341 -0.0315714
-0.0085307 -0.999877 -0.0115167
-0.0475819 -0.998499 -0.0189868
0.0346807 -0.999391 0.0255788
0.0647752 -0.9979 0.0742174
0.0236336 -0.999702 0.0386549
0.0335896 -0.999409 0.112203
0.0382836 -0.999146 0.150155
-0.0395614 -0.999093 -0.0903379
0.0455231 -0.998958 -0.000987829
-0.0129797 -0.999872 0.0413076
0.00761882 -0.999852 0.0492575
-0.0256477 -0.99966 -0.117659
-0.0481903 -0.998538 -0.0938518
0.0786951 -0.996448 0.103754
0.0429156 -0.999077 0.00774548
-0.000220991 -0.999789 -0.00304623
0.0543714 -0.99846 -0.118865
-0.0774962 -0.996699 0.0426465
0.0551645 -0.998169 0.0866703
-0.00187415 -0.999703 -0.0521579
-0.0144652 -0.999861 -0.0547048
0.00344865 -0.999985 -0.00996611
-0.054217 -0.997803 -0.12247
-0.0168601 -0.999817 0.073902
0.0116791 -0.999652 0.023359
0.0072436 -0.999615 -0.0351768
0.0396764 -0.999212 -0.00644561
0.00656136 -0.999938 0.00335714
0.0542616 -0.998422 0.056933
-0.0200574 -0.999345 -0.045509
-0.00947373 -0.999591 0.0680288
-0.00101906 -0.999977 0.0433051
-0.00642122 -0.999919 -0.0816535
0.0770359 -0.997008 -0.119901
-0.0035671 -0.999931 -0.200123
0.0986243 -0.995045 -0.109974
0.0326003 -0.999421 0.00179753
0.0131562 -0.999733 0.0821297
-0.00272595 -0.999925 0.130908
0.0187448 -0.999688 0.0608616
0.00877666 -0.999826 0.0378302
0.0144145 -0.999863 0.120049
0.0285418 -0.999589 0.105836
0.0114221 -0.999904 0.0923739
0.0326862 -0.999362 0.0155997
0.0324354 -0.999389 -0.166811
-0.0137828 -0.999599 -0.0824851
-0.0073439 -0.999811 0.0927146
-0.0294909 -0.99942 0.139599
-0.0262472 -0.999303 0.126383
-0.0292922 -0.999359 0.0224432
-0.00496684 -0.999987 -0.137014
0.0208343 -0.999719 -0.143318
0.00760046 -0.999971 0.0195417
-0.0230447 -0.999726 0.0874105
0.0466415 -0.998899 0.0176177
0.0415037 -0.999104 0.0858402
-0.00394699 -0.999968 0.0560832
0.050416 -0.998609 0.0184001
0.00218963 -0.999983 -0.0218059
-0.0259136 -0.999522 0.0426534
0.041315 -0.998834 0.0780273
-0.00633419 -0.999884 -0.124371
-0.039246 -0.999074 -0.0519566
-0.0329077 -0.998968 -0.0182713
0.0454522 -0.998761 0.107677
-0.0238483 -0.999711 0.00675396
0.0111835 -0.999697 0.0260716
-0.0334039 -0.999404 0.0352833
-0.0350623 -0.999326 0.106465
0.0556349 -0.998391 -0.11597
0.0441078 -0.998796 -0.206425
-0.0413135 -0.998951 -0.273338
-0.0127185 -0.999283 0.0109023
-0.0142943 -0.999863 0.14337
0.0225845 -0.999287 0.162395
-0.000301393 -0.999982 0.00652647
-0.0294013 -0.998974 -0.0546893
0.0089242 -0.999935 -0.0873751
0.0565771 -0.998397 0.00099379
-0.00450336 -0.999924 0.0399463
0.0107479 -0.999696 0.140292
0.000730251 -0.999576 0.147887
0.0282857 -0.999575 0.0749992
0.0294763 -0.99939 0.0171713
0.00776468 -0.999694 0.00851549
0.0284473 -0.999594 0.0887391
0.00701577 -0.999957 0.0648107
-0.0102767 -0.999074 -0.0412506
0.0214395 -0.999652 0.0121863
0.00473068 -0.999482 -0.00597769
0.0365577 -0.99929 0.0794431
0.0155416 -0.999784 0.0155282
0.0156741 -0.999831 -0.018105
0.0130531 -0.999884 0.0439854
-0.0489925 -0.998512 -0.0130814
0.0310636 -0.999515 -0.00617191
0.011116 -0.999905 -0.00776807
0.0245484 -0.999397 -0.0889119
0.0594522 -0.997995 -0.0201468
-0.0162438 -0.999452 0.00572291
-0.162417 -0.983328 -0.0859699
-0.0138157 -0.999569 -0.0554167
-0.0348209 -0.997983 -0.119598
0.0627665 -0.99802 0.0470809
0.0549626 -0.998327 -0.0388608
-0.0877504 -0.995287 -0.00519107
0.0535806 -0.998555 -0.0683539
-0.0378382 -0.999039 -0.0119533
0.0126124 -0.99966 -0.0764951
-0.0264952 -0.999559 0.0395096
0.0231457 -0.999371 -0.0584093
-0.418472 -0.901973 -0.0407468
-0.213574 -0.970247 -0.0786298
-0.0770579 -0.996732 -0.0366023
0.0436802 -0.998615 -0.125016
-0.268121 -0.962696 -0.151186
-0.0185479 -0.99963 -0.100492
-0.149976 -0.988437 -0.173231
-0.224723 -0.973606 -0.120342
-0.135676 -0.98886 0.00533913
-0.195199 -0.978459 -0.269972
0.0118595 -0.999647 -0.242672
-0.131727 -0.991028 -0.0965974
-0.24739 -0.968266 -0.0876353
-0.1093 -0.993991 0.080806
-0.136694 -0.990522 0.129751
0.0720194 -0.997014 -0.156228
-0.187566 -0.981271 0.0846133
-0.0959641 -0.995348 0.0701315
-0.188835 -0.981704 -0.0477036
-0.151637 -0.987859 0.0640646
-0.150629 -0.98859 0.329645
-0.124803 -0.991965 0.151642
-0.0700092 -0.995913 0.0102253
-0.0941263 -0.995467 0.0862636
-0.0214679 -0.999466 0.143679
-0.090774 -0.995862 0.0725356
0.0475311 -0.998212 0.306079
-0.034578 -0.999186 0.363612
-0.117142 -0.993059 0.0821837
0.153031 -0.98781 -0.175077
-0.0384767 -0.998989 -0.225829
0.0127805 -0.999716 -0.227585
-0.0862657 -0.996214 0.0165753
0.0102495 -0.999828 0.0232811
-0.0387348 -0.998909 0.0528863
0.130942 -0.990794 0.0312595
-0.171154 -0.982134 0.157059
0.0682173 -0.996791 0.0170772
0.0147276 -0.998618 -0.0192822
-0.0761924 -0.997021 0.0514262
0.00124775 -0.998999 -0.0263045
0.0117236 -0.994909 -0.0717315
-0.0371024 -0.99913 -0.0402797
-0.0264426 -0.999629 0.00358606
0.047737 -0.998622 -0.0371806
0.0085047 -0.999466 -0.0928719
-0.067835 -0.996823 0.0067633
-0.0694594 -0.997583 -0.10456
0.0549389 -0.997448 -0.0547677
-0.0412163 -0.999128 0.102539
-0.174913 -0.984332 0.280855
-0.0710872 -0.99747 0.21265
-0.108396 -0.993027 -0.00749363
0.00425621 -0.999574 -0.137333
-0.0470146 -0.998865 -0.112722
0.0126758 -0.996718 -0.176249
0.0269234 -0.999551 -0.0847754
0.0187237 -0.999824 0.0549643
-0.0108181 -0.998751 -0.0158618
0.0304476 -0.998953 -0.00275803
0.0305914 -0.997793 -0.157005
-0.0187048 -0.998351 -0.209141
0.0264963 -0.999387 -0.159203
0.0700126 -0.996714 0.0146193
0.034191 -0.999343 0.116271
0.048069 -0.998712 0.00837553
0.0390472 -0.999042 -0.0585406
0.0929023 -0.994122 -0.13053
-0.0496105 -0.998363 0.0130026
-0.0309311 -0.999411 0.0659471
0.0181203 -0.999757 0.0902072
-0.0422384 -0.997245 0.28125
0.0503341 -0.99867 0.158689
-0.129935 -0.991433 0.158374
-0.0401963 -0.99906 0.0652941
-0.0352604 -0.998283 0.0612561
0.0198074 -0.999773 -0.117597
0.00396314 -0.998976 -0.201033
-0.0238782 -0.999519 -0.116051
0.0185357 -0.999828 -0.0700639
-0.0316898 -0.999498 -0.000579895
-0.0609515 -0.997768 0.126206
0.0280329 -0.997525 -0.0643909
0.0453556 -0.998927 0.0180202
-0.0439216 -0.998411 0.0219786
-0.0166396 -0.998822 0.140837
-0.00603349 -0.998105 0.112104
0.0416971 -0.999054 0.0333899
-0.00383857 -0.99948 -0.0824515
-0.00792406 -0.999803 -0.220664
-0.00363765 -0.999671 0.0148855
-0.0415499 -0.999026 0.0535838
0.00416109 -0.99997 0.0750343
-0.0280011 -0.998879 0.0109954
0.0525744 -0.998568 -0.0697494
0.0640686 -0.997851 0.075812
-0.0304946 -0.999377 0.0359243
0.0163324 -0.99983 -0.152664
0.0328866 -0.999459 -0.547308
-0.0132634 -0.999779 -0.488061
-0.00773402 -0.99997 -0.141441
-0.00858935 -0.998936 0.370058
0.0570735 -0.998263 0.670638
0.0789118 -0.996795 0.559881
-0.0200844 -0.999671 0.101975
-0.030953 -0.999338 -0.123961
-0.0418995 -0.999093 -0.289692
0.0477023 -0.998522 -0.297967
-0.0389937 -0.999221 -0.0907922
-0.00242208 -0.999904 0.162048
0.0609591 -0.997977 0.208677
0.0484233 -0.998818 0.112821
0.0774807 -0.9966 0.105188
-0.0668847 -0.997442 0.289305
-0.0703002 -0.99739 0.623417
0.0281894 -0.999589 0.25064
0.0263695 -0.999422 -0.205051
0.000574432 -0.999988 -0.337429
-0.0103429 -0.999648 -0.173402
-0.00468508 -0.99998 -0.00168833
0.0176336 -0.999618 -0.0467045
-0.0356798 -0.999334 0.00678076
-0.00012285 -0.998657 -0.05425
-0.0682997 -0.997665 -0.0542647
0.00921909 -0.999938 0.0510029
-0.1761 -0.984352 0.0663608
0.00403583 -0.999392 -0.0205356
-0.0155326 -0.999536 -0.154527
-0.00483309 -0.999659 -0.120869
-0.0123728 -0.999913 -0.153239
-0.0245064 -0.999616 0.0338451
0.0679862 -0.997318 0.00773186
0.0504648 -0.998698 0.0643833
0.0544011 -0.998518 0.0799215
-0.0323678 -0.999467 0.238729
0.0625124 -0.997537 0.0498699
0.00769327 -0.99997 -0.0040743
0.0407009 -0.99901 -0.153881
-0.0236099 -0.999695 0.0035236
-0.00194655 -0.999704 0.134743
-0.0919412 -0.995361 0.134745
0.0407624 -0.999076 0.00478415
0.0604303 -0.998157 -0.0320093
0.0111424 -0.999834 0.0145434
0.0256633 -0.999618 0.10012
-0.0404896 -0.999079 -0.0102348
-0.0308191 -0.999228 -0.0698499
0.0118656 -0.999921 -0.0173472
-0.0744713 -0.996979 -0.0326209
-0.0821476 -0.996422 0.00494193
0.0339616 -0.999282 0.00632008
-0.0172291 -0.999835 -0.0130635
0.0568313 -0.997454 0.11171
-0.069049 -0.996778 0.0115701
0.0154371 -0.999677 0.0968011
-0.03389 -0.998133 0.20713
0.02805 -0.998733 0.229527
0.0558472 -0.998358 0.249919
0.0364431 -0.998205 -0.068636
0.0155842 -0.999233 -0.21259
-0.0154018 -0.999738 -0.412882
0.031946 -0.999471 -0.386584
-0.047416 -0.998146 0.0251469
0.00295007 -0.998963 0.271153
-0.0193873 -0.999797 0.320868
-0.00600482 -0.999982 0.171891
-0.0444225 -0.998091 -0.00498882
0.0410123 -0.999098 0.0765311
-0.0108006 -0.999908 0.0244113
0.00243222 -0.997769 -0.179785
-0.00801447 -0.999731 -0.390433
0.0440936 -0.999027 -0.458419
0.0516425 -0.998613 -0.239576
0.00347313 -0.999852 -0.0172136
0.0412665 -0.999128 0.17011
-0.00274351 -0.999763 -0.106865
-0.0300865 -0.999433 0.0270036
0.0240423 -0.999057 -0.0108064
-0.110288 -0.993341 0.413812
-0.0842074 -0.996443 0.460624
-0.059285 -0.998241 0.240848
-0.0062266 -0.999732 0.00999996
0.0244981 -0.999605 -0.166958
0.0677257 -0.997478 -0.0890681
-0.0289282 -0.999436 -0.0276331
0.0276733 -0.999565 0.0467488
0.000834103 -0.999721 0.189128
-0.0434723 -0.998746 0.0143613
-0.0648176 -0.997876 -0.142247
0.00332259 -0.999865 -0.222041
-0.0530481 -0.998582 0.0384805
-0.0806405 -0.996706 0.0568223
0.0511117 -0.998433 -0.0622376
0.0540769 -0.997517 -0.231949
0.0349543 -0.999265 -0.400501
-0.137513 -0.989737 -0.269336
0.033722 -0.999314 -0.265299
-0.038781 -0.999233 0.248056
-0.0182344 -0.999341 0.288901
-0.02126 -0.999757 0.311978
-0.00199993 -0.999791 -0.0998156
0.00782468 -0.999952 -0.0193578
0.0219049 -0.999756 0.0086916
