1 0 0 0 1 0 0 0 1 0 0 0
0.999881 -0.00792864 -0.0132639 0.00785571 0.999954 -0.0055415 0.0133072 0.00543664 0.999897 0.166194 0.141691 0.97586
0.999856 0.00040135 -0.0169381 -0.000404369 1 -0.000174814 0.016938 0.000181638 0.999857 0.241981 -0.0414815 0.969394
0.999965 -0.00251511 -0.00798876 0.00252255 0.999996 0.00092147 0.00798642 -0.00094159 0.999968 -0.0108863 -0.0273792 0.999566
0.999987 0.00159011 -0.00486344 -0.00160045 0.999996 -0.0021228 0.00486005 0.00213056 0.999986 -0.0403851 0.0645857 0.997095
0.999865 -0.00155262 -0.0163671 0.00151093 0.999996 -0.00255949 0.016371 0.00253441 0.999863 0.18161 0.0462083 0.982284
0.99998 0.00299816 -0.00565057 -0.00300456 0.999995 -0.00112525 0.00564717 0.00114221 0.999983 0.0286114 -0.0182104 0.999425
0.99997 0.00773263 0.00104849 -0.00773089 0.999969 -0.00165387 -0.00106124 0.00164572 0.999998 -0.0052399 -0.0167776 0.999846
0.999998 -0.000712445 -0.00211788 0.000713341 1 0.000422046 0.00211758 -0.000423556 0.999998 -0.0797163 0.0266352 0.996462
0.999975 0.000218458 -0.0070099 -0.000215378 1 0.00044013 0.00700999 -0.00043861 0.999975 -0.0170512 0.0409921 0.999014
0.999989 -0.00447515 -0.00132357 0.00447913 0.999985 0.00302523 0.00131001 -0.00303112 0.999995 -0.137248 0.0119752 0.990464
0.999997 0.00195979 0.00132102 -0.00195854 0.999998 -0.000947626 -0.00132287 0.000945036 0.999999 -0.210957 -0.00708761 0.97747
0.999999 -0.00108187 0.000712874 0.00108336 0.999997 -0.00208446 -0.000710617 0.00208524 0.999998 -0.171205 0.0506219 0.983934
0.999986 -0.00509891 -0.00163477 0.0050975 0.999987 -0.000867754 0.00163917 0.000859408 0.999998 -0.074616 0.0331309 0.996662
1 2.44374e-06 6.50451e-05 -2.53553e-06 0.999999 0.00141123 -6.50416e-05 -0.00141123 0.999999 -0.135183 -0.0300412 0.990365
0.999992 -0.00398461 -0.000705686 0.00398365 0.999991 -0.00135015 0.00071106 0.00134733 0.999999 -0.0706587 -0.0143924 0.997397
0.999999 0.00097287 0.000978508 -0.000970835 0.999997 -0.00207803 -0.000980527 0.00207708 0.999997 -0.116499 -0.012731 0.993109
0.999963 0.00369676 -0.00773249 -0.00369616 0.999993 9.22767e-05 0.00773278 -6.36928e-05 0.99997 0.113066 -0.0630607 0.991584
0.999173 -0.00111288 0.0406541 0.000993771 0.999995 0.00294989 -0.0406572 -0.00290705 0.999169 -0.813829 -0.0435881 0.579468
0.999998 0.000125548 0.00183664 -0.000127668 0.999999 0.00115429 -0.0018365 -0.00115452 0.999998 -0.0736479 -0.00633087 0.997264
0.999969 0.0077039 -0.00186479 -0.00770153 0.99997 0.00127494 0.00187456 -0.00126054 0.999997 0.0867178 -0.0835085 0.992727
0.999971 -0.00758638 0.00024499 0.00758628 0.999971 0.00041556 -0.000248135 -0.000413689 1 -0.140972 0.0253907 0.989688
0.999994 0.00220482 0.00261402 -0.00220129 0.999997 -0.00135252 -0.002617 0.00134676 0.999996 -0.0263396 -0.0299561 0.999204
0.999927 0.0118977 -0.00232612 -0.0118994 0.999929 -0.00071852 0.00231741 0.000746147 0.999997 0.0735592 -0.129518 0.988845
0.999979 -0.0061951 0.00192043 0.00619348 0.99998 0.00085012 -0.00192566 -0.000838208 0.999998 -0.139233 0.0381925 0.989523
0.999991 0.00394252 -0.00157413 -0.00393642 0.999985 0.00385775 0.00158931 -0.00385152 0.999991 0.0844105 -0.0258483 0.996096
0.9995 -0.00311669 0.0314775 0.00274785 0.999927 0.0117543 -0.0315118 -0.011662 0.999435 -0.820553 -0.187211 0.540041
0.999989 -0.000760377 0.00455635 0.000748844 0.999997 0.0025324 -0.00455826 -0.00252896 0.999986 -0.0620626 -0.0096147 0.998026
0.999976 0.0063758 0.00283131 -0.00637529 0.99998 -0.000187588 -0.00283244 0.000169533 0.999996 -0.0309587 -0.0302311 0.999063
0.999996 0.0017634 0.0021998 -0.00175549 0.999992 -0.00359478 -0.00220612 0.00359091 0.999991 -0.0196807 -0.0118819 0.999736
0.99998 -0.000897858 0.00626697 0.000923463 0.999991 -0.00408399 -0.00626324 0.00408969 0.999972 -0.0720439 -0.00259458 0.997398
0.999996 0.00259448 -0.000805851 -0.00259678 0.999993 -0.00286464 0.000798412 0.00286672 0.999996 0.0204204 -0.0242621 0.999497
0.999951 -0.000464061 -0.00992517 0.000475733 0.999999 0.0011737 0.00992462 -0.00117836 0.99995 0.217386 -0.0310428 0.975592
0.999973 -0.00115359 -0.00725153 0.00118857 0.999988 0.00482169 0.00724587 -0.00483018 0.999962 0.130275 -0.0319133 0.990964
0.999982 -0.00568386 -0.00186518 0.00569136 0.999976 0.00403823 0.00184218 -0.00404877 0.99999 -0.0130227 -0.0384823 0.999174
0.999944 -0.0105606 -0.000340002 0.0105604 0.999944 -0.000488531 0.000345142 0.000484913 1 -0.0691615 0.016728 0.997465
0.999977 -0.0064867 -0.0019026 0.00647986 0.999973 -0.00357899 0.00192576 0.00356658 0.999992 0.0254007 0.0306284 0.999208
1 2.0106e-05 0.000267625 -1.92342e-05 0.999995 -0.00325712 -0.000267689 0.00325711 0.999995 -0.101448 -0.0242769 0.994545
0.999989 0.000265647 -0.0047396 -0.000265661 1 -2.35173e-06 0.0047396 3.61083e-06 0.999989 0.113851 -0.0149654 0.993385
0.999993 0.00250558 0.00263387 -0.00250462 0.999997 -0.00036788 -0.00263479 0.000361281 0.999996 -0.0998348 0.0180489 0.99484
0.99997 0.00678167 -0.00366744 -0.00677467 0.999975 0.00191744 0.00368036 -0.00189254 0.999991 0.0958973 -0.0281491 0.994993
0.999991 -0.00432732 1.23278e-05 0.00432731 0.999991 0.00031637 -1.36967e-05 -0.000316313 1 -0.0804666 0.0522961 0.995384
0.999995 -0.000902403 -0.00286116 0.000914057 0.999991 0.00407417 0.00285745 -0.00407677 0.999988 0.0669601 -0.0469221 0.996652
0.999999 0.000778105 0.00127133 -0.000780601 0.999998 0.00196393 -0.00126979 -0.00196492 0.999997 -0.0382849 -0.00535962 0.999252
0.999964 0.00846162 -2.34777e-05 -0.00846153 0.999961 0.00263697 4.57899e-05 -0.00263668 0.999997 -0.0653583 -0.031033 0.997379
0.99999 0.00315256 0.00312892 -0.00314883 0.999994 -0.00119814 -0.00313268 0.00118828 0.999994 -0.121983 -0.026904 0.992168
0.999982 -0.00586961 0.00155864 0.00587271 0.999981 -0.00198905 -0.00154694 0.00199817 0.999997 -0.140325 0.022943 0.98984
0.999994 0.00337596 -0.000949886 -0.00337845 0.999991 -0.00262858 0.000941004 0.00263178 0.999996 -0.0190519 -0.0288115 0.999403
0.999997 0.00175465 0.00155072 -0.00175242 0.999997 -0.00144371 -0.00155325 0.00144099 0.999998 -0.0165648 0.0150403 0.99975
0.999978 -0.00488038 -0.00438726 0.0048873 0.999987 0.00156874 0.00437955 -0.00159015 0.999989 0.0888511 0.00398699 0.996037
0.99999 0.000925696 -0.00444224 -0.000910339 0.999994 0.0034578 0.00444542 -0.00345372 0.999984 0.0993428 -0.0781154 0.991982
0.999985 0.00504604 0.00212622 -0.00503854 0.999981 -0.00352263 -0.00214395 0.00351187 0.999992 -0.00437863 -0.0416291 0.999124
0.999992 0.00321908 -0.00234461 -0.00322679 0.999989 -0.00329216 0.00233399 0.0032997 0.999992 0.0307565 -0.0403708 0.998711
0.999993 0.00111231 0.00352028 -0.00110841 0.999999 -0.00110705 -0.00352151 0.00110314 0.999993 -0.112601 -0.00138106 0.993639
0.999979 0.00412063 -0.00502981 -0.00410002 0.999983 0.00410014 0.00504662 -0.00407943 0.999979 0.127372 -0.0701601 0.98937
0.999999 -0.00146919 -0.000440605 0.00146976 0.999998 0.00129028 0.000438708 -0.00129092 0.999999 0.0140636 0.0209483 0.999682
0.999954 -0.00840787 -0.00457239 0.00839956 0.999963 -0.00183209 0.00458762 0.0017936 0.999988 0.0284267 0.0798033 0.996405
0.999994 0.00285647 -0.00183912 -0.00285642 0.999996 3.18e-05 0.0018392 -2.65466e-05 0.999998 0.0656122 -0.0881217 0.993946
0.999998 -0.00124295 0.00164433 0.00124543 0.999998 -0.00150647 -0.00164246 0.00150851 0.999998 -0.00119032 -0.0124832 0.999921
0.999999 0.00102048 0.000188363 -0.00102069 0.999999 0.00114673 -0.000187192 -0.00114692 0.999999 -0.0723566 -0.0245425 0.997077
0.999985 -0.00211276 0.00506612 0.00209883 0.999994 0.00275313 -0.00507191 -0.00274246 0.999983 -0.215479 0.0253618 0.976179
0.999998 -0.00053235 0.00168445 0.000525041 0.99999 0.00433691 -0.00168675 -0.00433602 0.999989 -0.162451 0.0159059 0.986588
0.999998 0.00109865 0.00186853 -0.00110183 0.999998 0.00169779 -0.00186666 -0.00169985 0.999997 -0.105013 -0.00288174 0.994467
0.999904 0.00386517 -0.0133044 -0.00388966 0.999991 -0.00181514 0.0132972 0.00186671 0.99991 0.186179 -0.0792585 0.979314
0.999996 0.0027821 -0.000413361 -0.00278532 0.999964 -0.0080057 0.000391073 0.00800682 0.999968 -0.0642906 -0.028327 0.997529
0.999986 0.00431817 0.0030115 -0.00430392 0.99998 -0.00472331 -0.00303183 0.00471028 0.999984 -0.118605 -0.0189424 0.992761
0.99966 0.00215723 0.02597 -0.00219895 0.999996 0.00157805 -0.0259665 -0.00163462 0.999661 -0.730254 -0.0190436 0.68291
0.999979 0.00568769 0.00319291 -0.0056949 0.999981 0.00225177 -0.00318005 -0.00226991 0.999992 -0.198907 -0.0254561 0.979688
0.999998 0.00201232 0.000671987 -0.00201348 0.999996 0.00173959 -0.000668484 -0.00174094 0.999998 -0.146528 -0.0292277 0.988775
0.999998 0.00187447 0.000306596 -0.00187486 0.999997 0.00128226 -0.000304191 -0.00128283 0.999999 -0.0923433 -0.0856396 0.992038
0.999993 0.00344158 -0.0013583 -0.00344098 0.999994 0.000438065 0.0013598 -0.000433388 0.999999 -0.0781805 -0.0151278 0.996824
0.999999 0.00117056 0.00015524 -0.00117054 0.999999 -0.000130787 -0.000155393 0.000130606 1 -0.108973 -0.00469238 0.994034
0.999999 -0.000873291 0.00101075 0.000871667 0.999998 0.0016064 -0.00101215 -0.00160552 0.999998 -0.150565 -0.0402523 0.98778
0.999994 -0.000252813 -0.00340477 0.000253593 1 0.000228807 0.00340471 -0.000229669 0.999994 0.103323 -0.0208465 0.994429
0.999997 0.000233584 0.00262918 -0.000237612 0.999999 0.00153185 -0.00262882 -0.00153247 0.999995 -0.229104 0.0148356 0.973289
0.999998 -0.00151434 -0.000875779 0.00151739 0.999993 0.00348988 0.000870488 -0.0034912 0.999994 -0.0600723 0.0159913 0.998066
1 -0.000106925 -0.000137116 0.000107448 0.999993 0.00382117 0.000136707 -0.00382118 0.999993 -0.0808473 -0.101049 0.991591
0.999993 0.00380489 -0.000575818 -0.0038078 0.99998 -0.00512927 0.00055629 0.00513142 0.999987 -0.117598 -0.00578475 0.993044
0.999992 0.000157631 -0.00387645 -0.000180686 0.999982 -0.00594803 0.00387545 0.00594869 0.999975 0.108008 -0.0729869 0.991467
0.999992 -0.00035349 0.00397007 0.000374534 0.999986 -0.00530112 -0.00396814 0.00530257 0.999978 -0.246987 -0.0236304 0.968731
0.999997 0.00199405 -0.00107745 -0.00199714 0.999994 -0.00287877 0.0010717 0.00288091 0.999995 -0.0231515 0.0271213 0.999364
0.999991 0.00222865 -0.00365737 -0.00221174 0.999987 0.00462045 0.00366762 -0.00461232 0.999983 0.031768 -0.0752977 0.996655
0.999999 0.000927094 0.00065546 -0.000929276 0.999994 0.00333598 -0.000652364 -0.00333659 0.999994 -0.10883 -0.0802763 0.990814
0.999996 -0.00280829 -0.00104792 0.00280408 0.999988 -0.00400234 0.00105915 0.00399939 0.999991 -0.02777 -0.00581324 0.999597
0.999947 -0.00991974 0.00283634 0.00993407 0.999938 -0.00508046 -0.00278576 0.00510837 0.999983 -0.148488 -0.00990654 0.988865
0.999991 -0.00366478 0.00191094 0.00367345 0.999983 -0.00455335 -0.00189423 0.00456033 0.999988 -0.0963068 -0.0105219 0.995296
0.999987 0.00418315 0.0028793 -0.00418225 0.999991 -0.000317303 -0.0028806 0.000305257 0.999996 -0.0118701 -0.0424547 0.999028
0.999877 0.00308721 0.015377 -0.00315504 0.999985 0.00438875 -0.0153632 -0.00443673 0.999872 -0.48879 -0.055213 0.870653
0.999953 -0.00197513 0.00949104 0.00195297 0.999995 0.002344 -0.00949562 -0.00232535 0.999952 -0.252857 0.0271598 0.967122
0.999977 -0.00380526 0.00558273 0.00378017 0.999983 0.00449806 -0.00559975 -0.00447685 0.999974 -0.0348398 -0.0254107 0.99907
0.999871 -0.00525478 0.0152106 0.00525937 0.999986 -0.000261842 -0.015209 0.000341807 0.999884 -0.316697 0.0940379 0.943854
0.999918 0.0047979 0.0118695 -0.00478171 0.999988 -0.00139183 -0.0118761 0.00133496 0.999929 -0.127609 0.0213449 0.991595
0.9996 0.00791305 0.0271692 -0.00784437 0.999966 -0.00263373 -0.0271891 0.00241955 0.999627 -0.772146 0.0861175 0.629583
0.999144 0.00558563 0.0409975 -0.00557778 0.999984 -0.00030601 -0.0409986 7.70731e-05 0.999159 -0.803869 -0.0210375 0.594434
0.999756 -0.00248218 0.0219629 0.00243961 0.999995 0.00196464 -0.0219676 -0.00191058 0.999757 0.154504 -0.0544128 0.986493
0.999903 -0.00550494 0.0128018 0.00548246 0.999983 0.00179078 -0.0128115 -0.00172042 0.999916 0.434223 -0.0128792 0.900713
0.998482 -0.00172246 0.0550594 0.0016369 0.999997 0.00159896 -0.055062 -0.0015064 0.998482 -0.943006 -0.00248882 0.332767
0.999463 0.00363189 0.0325796 -0.00367271 0.999993 0.00119314 -0.032575 -0.00131215 0.999468 0.242656 -0.0787594 0.96691
0.999182 0.0019082 0.0403878 -0.00190865 0.999998 -2.74572e-05 -0.0403878 -4.96514e-05 0.999184 -0.00481713 -0.00771971 0.999959
0.999289 0.00907841 0.036582 -0.00911502 0.999958 0.000833873 -0.0365729 -0.00116673 0.99933 0.330955 -0.271338 0.903795
0.99857 -0.00202138 0.0534204 0.00187327 0.999994 0.00282256 -0.0534258 -0.00271845 0.998568 -0.512263 -0.10048 0.852931
0.998674 0.00371142 0.0513556 -0.00354221 0.999988 -0.00338538 -0.0513676 0.00319898 0.998675 0.0378415 0.0490199 0.998081
0.999473 0.00414282 0.0321981 -0.00400381 0.999982 -0.00438069 -0.0322157 0.00424947 0.999472 0.662909 0.00160521 0.748699
0.998416 -0.00437668 0.0560928 0.00426956 0.999989 0.0020294 -0.0561011 -0.00178669 0.998423 0.215639 -0.136591 0.966873
0.998839 0.00333298 0.0480641 -0.00319788 0.999991 -0.00288751 -0.0480732 0.00273046 0.99884 0.497618 0.0209723 0.867143
0.997778 -0.00216 0.066598 0.00213093 0.999998 0.000507568 -0.0665989 -0.000364525 0.99778 0.0948022 -0.0475964 0.994358
0.997642 -0.0029396 0.0685767 0.00295596 0.999996 -0.000137057 -0.068576 0.000339444 0.997646 0.0980093 -0.0636832 0.993146
0.997901 -0.000865094 0.0647466 0.0011222 0.999992 -0.00393477 -0.0647427 0.00399917 0.997894 0.21952 0.0907613 0.971377
0.997416 -0.000898953 0.0718415 0.000901932 1 -9.03089e-06 -0.0718415 7.38037e-05 0.997416 -0.0138975 0.0467527 0.99881
0.996859 0.00186007 0.0791765 -0.00190613 0.999998 0.000506188 -0.0791754 -0.000655518 0.99686 -0.246288 0.0498682 0.967913
0.998174 -0.0112278 0.0593538 0.0115316 0.999922 -0.00477868 -0.0592955 0.00545439 0.998226 0.236998 0.223585 0.945432
0.996134 -0.00191596 0.0878295 0.00169175 0.999995 0.0026271 -0.0878341 -0.00246836 0.996132 -0.534129 -0.108536 0.838407
0.998327 -0.00807148 0.0572616 0.00818897 0.999965 -0.00181752 -0.0572449 0.0022834 0.998358 0.251955 0.0327799 0.967184
0.998112 0.00117451 0.0614148 -0.00103486 0.999997 -0.00230568 -0.0614173 0.00223777 0.99811 0.00457985 0.0251838 0.999672
0.998044 0.00485725 0.0623195 -0.00480004 0.999988 -0.0010677 -0.0623239 0.000766474 0.998056 -0.00773232 -0.0340224 0.999391
0.998579 0.000684877 0.0532954 -0.00055326 0.999997 -0.0024843 -0.0532969 0.00245128 0.998576 0.115443 -0.0103164 0.993261
0.998878 -0.00714137 0.0468138 0.00715485 0.999974 -0.00012045 -0.0468117 0.00045526 0.998904 0.121909 0.0430728 0.991606
0.998897 -0.0131839 0.0450764 0.0130976 0.999912 0.00221015 -0.0451016 -0.00161732 0.998981 0.0870392 0.0418759 0.995324
0.999275 -0.00143628 0.0380417 0.00133059 0.999995 0.00280331 -0.0380456 -0.00275066 0.999272 0.157716 -0.0264363 0.987131
0.999337 0.00195191 0.0363436 -0.00183513 0.999993 -0.00324617 -0.0363497 0.00317732 0.999334 0.0738537 -0.0159136 0.997142
0.999481 0.01087 0.0303383 -0.0107325 0.999931 -0.00469156 -0.0303872 0.00436352 0.999529 0.164141 -0.0947626 0.981875
0.999558 0.00530431 0.0292597 -0.00522073 0.999982 -0.00293229 -0.0292747 0.00277823 0.999568 0.0753647 -0.0387903 0.996401
0.999674 -0.0030352 0.025349 0.0030841 0.999993 -0.00189018 -0.0253431 0.00196775 0.999677 0.142403 -0.0204213 0.989598
0.999707 -0.00499649 0.0236706 0.00505102 0.999985 -0.00224467 -0.023659 0.00236357 0.999717 0.157394 -0.0062249 0.987516
0.999788 -0.00318171 0.0203199 0.00332938 0.999968 -0.0072372 -0.0202962 0.00730332 0.999767 0.171609 -0.0122747 0.985089
0.999808 -0.00350606 0.0192719 0.00363499 0.999971 -0.00665898 -0.019248 0.00672776 0.999792 0.171775 -0.0287988 0.984715
0.999829 0.00550313 0.0176453 -0.00549565 0.999985 -0.000472269 -0.0176476 0.000375216 0.999844 0.0991617 0.0111064 0.995009
0.999844 0.00660239 0.0164048 -0.00669126 0.999963 0.00536845 -0.0163688 -0.00547738 0.999851 -0.0299787 -0.0400172 0.998749
0.999873 0.000964183 0.0159231 -0.00100405 0.999996 0.00249605 -0.0159206 -0.00251172 0.99987 -0.0333309 0.0376768 0.998734
0.999896 0.001295 0.0143973 -0.00133654 0.999995 0.00287663 -0.0143935 -0.00289558 0.999892 0.0536754 -0.0683499 0.996216
0.999918 -0.00512346 0.0117426 0.00511947 0.999987 0.000369947 -0.0117444 -0.0003098 0.999931 0.0418775 0.0092213 0.99908
0.999939 0.0011712 0.0110077 -0.00116388 0.999999 -0.000672042 -0.0110084 0.000659189 0.999939 0.0170589 -0.0287928 0.99944
0.999966 -0.00212703 0.00795924 0.00212252 0.999998 0.000574944 -0.00796045 -0.000558031 0.999968 0.0660141 -0.0328683 0.997277
0.999986 0.00286462 0.00438824 -0.00285997 0.999995 -0.00106696 -0.00439127 0.00105439 0.99999 0.0631218 -0.0247124 0.9977
0.999978 -0.000123287 0.00667542 0.000134603 0.999999 -0.00169472 -0.0066752 0.00169558 0.999976 -0.00892935 0.00212299 0.999958
0.999992 -0.000457087 0.00394018 0.00046332 0.999999 -0.00158128 -0.00393945 0.00158309 0.999991 0.20529 0.0165027 0.978562
0.999984 -0.000777923 0.00559738 0.000778594 1 -0.000117607 -0.00559729 0.000121963 0.999984 -0.0610921 0.00442139 0.998122
0.999994 -0.000266257 0.00334988 0.000271226 0.999999 -0.00148284 -0.00334948 0.00148374 0.999993 0.0264379 0.0564122 0.998057
0.999997 -0.000450836 0.00233137 0.000449299 1 0.000659846 -0.00233166 -0.000658797 0.999997 -0.00229097 -0.031706 0.999495
0.999741 1.09954e-05 0.0227727 0.000384754 0.999849 -0.0173738 -0.0227694 0.0173781 0.99959 -0.617244 0.53335 0.578401
0.999993 -0.00340008 0.00154488 0.0034013 0.999994 -0.000788721 -0.00154219 0.00079397 0.999998 -0.0540776 0.00865864 0.998499
0.99879 -0.00291601 0.0490997 0.0034762 0.99993 -0.0113278 -0.0490632 0.0114847 0.99873 -0.914446 0.208454 0.346895
0.999997 0.00160195 0.00184245 -0.00160461 0.999998 0.00143958 -0.00184014 -0.00144253 0.999997 -0.212105 -0.0936121 0.972753
0.999988 -0.000345364 -0.0048472 0.000345217 1 -3.127e-05 0.00484721 2.95963e-05 0.999988 0.0604651 -0.0261664 0.997827
0.999991 0.00159716 -0.00405493 -0.00159948 0.999999 -0.000569026 0.00405402 0.000575506 0.999992 0.00399314 0.0250636 0.999678
0.999989 0.00210229 -0.00424538 -0.00209119 0.999994 0.00261756 0.00425086 -0.00260865 0.999988 0.0217912 -0.0566249 0.998158
0.999995 -0.000719897 -0.0032311 0.000721402 1 0.000464899 0.00323077 -0.000467227 0.999995 -0.0765881 0.0135299 0.996971
0.999972 0.00506006 -0.00550126 -0.00504022 0.999981 0.00361358 0.00551944 -0.00358575 0.999978 0.0381112 -0.0502493 0.998009
0.999991 0.00430628 -0.000503387 -0.00430585 0.99999 0.000851537 0.000507049 -0.000849361 1 -0.122302 -0.0163865 0.992358
0.997714 -0.00112882 0.0675723 0.00073187 0.999982 0.00589893 -0.0675777 -0.00583599 0.997697 -0.968045 -0.0844642 0.236126
0.999995 0.00158517 0.00272342 -0.00156993 0.999983 -0.00558897 -0.00273223 0.00558466 0.999981 -0.198824 0.0194124 0.979843
0.999952 0.00140895 0.00972623 -0.00129089 0.999926 -0.0121338 -0.0097426 0.0121206 0.999879 -0.318257 0.157128 0.934892
0.999932 0.00400689 0.010932 -0.00396848 0.999986 -0.00353281 -0.010946 0.00348919 0.999934 -0.291702 -0.00242696 0.956506
0.999998 0.00163369 0.00145777 -0.00163397 0.999999 0.000196147 -0.00145745 -0.000198529 0.999999 -0.0677233 -0.0175106 0.99755
0.999996 0.000701475 -0.00278894 -0.000694488 0.999997 0.00250535 0.00279069 -0.00250341 0.999993 0.0877958 -0.0332902 0.995582
0.999998 0.000637957 -0.00173301 -0.00063542 0.999999 0.00146394 0.00173395 -0.00146284 0.999997 0.00420217 -0.0267623 0.999633
0.999998 -0.00125122 -0.00144521 0.00125151 0.999999 0.000200319 0.00144496 -0.000202128 0.999999 0.00839726 0.0276543 0.999582
0.999812 0.00711671 0.018024 -0.00709881 0.999974 -0.00105649 -0.0180311 0.00092834 0.999837 -0.420789 -0.00662326 0.907134
0.999993 0.00376803 0.000196586 -0.00376813 0.999993 0.000538574 -0.000194555 -0.000539311 1 -0.00299938 -0.0415275 0.999133
0.999607 0.00219567 0.0279617 -0.00225883 0.999995 0.00222733 -0.0279567 -0.00228962 0.999607 -0.559248 -0.0795798 0.825172
0.999977 0.00314755 0.00604774 -0.00316147 0.999992 0.00229487 -0.00604047 -0.00231394 0.999979 -0.0530068 -0.056896 0.996972
0.999998 0.00138605 0.00156931 -0.00138665 0.999999 0.000383093 -0.00156877 -0.000385268 0.999999 0.0827552 0.00169575 0.996568
0.999993 0.000615519 0.00358217 -0.000624332 0.999997 0.00245949 -0.00358064 -0.00246171 0.999991 -0.00722989 -0.0132925 0.999886
0.999993 0.00144022 0.00344295 -0.00143974 0.999999 -0.000139957 -0.00344315 0.000134999 0.999994 0.0793727 0.0241284 0.996553
0.99999 -0.000139298 0.0045043 0.000140507 1 -0.000267928 -0.00450426 0.000268559 0.99999 0.0844396 -0.012569 0.996349
0.999952 0.000417699 0.00982624 -0.00041048 1 -0.000736634 -0.00982654 0.000732565 0.999951 -0.0037508 -0.00895489 0.999953
0.999962 -0.00168898 0.00857654 0.00168763 0.999999 0.000163965 -0.00857681 -0.000149484 0.999963 0.0840467 -0.0147079 0.996353
0.99992 -0.00454621 0.0118443 0.00455969 0.999989 -0.00111189 -0.0118391 0.00116581 0.999929 -0.0338072 0.0209008 0.99921
0.999937 -0.00221912 0.0109778 0.00223194 0.999997 -0.00115581 -0.0109752 0.00118024 0.999939 -0.00720468 0.0373075 0.999278
0.999925 -0.000681223 0.0121902 0.000680396 1 7.19241e-05 -0.0121902 -6.36246e-05 0.999926 0.0204706 -0.00803964 0.999758
0.99994 0.00176384 0.0108162 -0.00176509 0.999998 0.000105791 -0.010816 -0.000124877 0.999941 0.00652329 -0.0253316 0.999658
0.999944 0.000264682 0.0105761 -0.000271283 1 0.000622675 -0.010576 -0.00062551 0.999944 0.0370043 -0.0386826 0.998566
0.999906 0.00338617 0.0132747 -0.00334694 0.99999 -0.00297602 -0.0132846 0.00293131 0.999907 -0.0803735 0.0370545 0.996076
0.999946 -0.000796434 0.0103335 0.000809841 0.999999 -0.00129338 -0.0103325 0.00130168 0.999946 -0.00201359 -0.0022179 0.999996
0.99995 0.00116599 0.00994503 -0.00114987 0.999998 -0.00162721 -0.00994691 0.0016157 0.999949 0.0103446 0.0250126 0.999634
0.99995 -5.81784e-05 0.00996819 5.81008e-05 1 8.07222e-06 -0.00996819 -7.49266e-06 0.99995 0.0211364 -0.00851032 0.99974
0.998056 -0.0026172 0.0622622 0.00430872 0.999625 -0.0270489 -0.0621681 0.0272646 0.997693 -0.812326 0.41048 0.414286
0.999987 0.000850584 0.00506552 -0.00085546 0.999999 0.000960504 -0.0050647 -0.000964824 0.999987 0.138688 -0.037544 0.989624
0.999958 -0.00167578 0.00895922 0.00165387 0.999996 0.00245243 -0.00896329 -0.00243751 0.999957 -0.0392991 -0.0438819 0.998263
0.999951 -0.00210123 0.0096515 0.00209239 0.999997 0.000925451 -0.00965342 -0.000905211 0.999953 -0.146073 -0.00091906 0.989273
0.9999 -0.00612104 0.0127743 0.00613869 0.99998 -0.00134297 -0.0127658 0.00142125 0.999918 -0.242415 0.0679792 0.967788
0.999998 0.000657034 0.00193631 -0.000663242 0.999995 0.00320688 -0.0019342 -0.00320816 0.999993 0.0287094 -0.0953525 0.995029
0.999994 -0.00333382 0.00105676 0.00333407 0.999994 -0.000232027 -0.00105598 0.000235548 0.999999 -0.0474428 0.0348469 0.998266
0.999999 -0.00133508 -0.000448592 0.00133496 0.999999 -0.000261287 0.00044894 0.000260688 1 0.0274647 -0.0287658 0.999209
0.999998 0.000802814 -0.00155366 -0.000806503 0.999997 -0.0023755 0.00155174 0.00237675 0.999996 -0.0319856 -0.0236135 0.999209
0.999999 -0.00146701 1.61018e-05 0.001467 0.999999 0.000375306 -1.66524e-05 -0.000375281 1 -0.156 -0.0433867 0.986804
0.999982 0.00404232 -0.00449275 -0.00403855 0.999991 0.000849217 0.00449614 -0.000831058 0.99999 -0.134511 -0.0664942 0.988679
0.999991 0.000340415 -0.00422533 -0.000343388 1 -0.000703066 0.00422509 0.00070451 0.999991 -0.255224 0.00548246 0.966866
0.999867 -0.0010373 -0.0162558 0.00100846 0.999998 -0.00178186 0.0162576 0.00176523 0.999866 0.114075 0.044289 0.992484
0.999881 0.00202899 -0.0152839 -0.00207344 0.999994 -0.00289292 0.0152779 0.00292426 0.999879 -0.0503102 0.065205 0.996603
0.999844 0.000569171 -0.0176375 -0.000586497 0.999999 -0.000977186 0.0176369 0.000987378 0.999844 -0.180445 -0.0520493 0.982207
0.999809 0.0029999 -0.0192947 -0.00308416 0.999986 -0.00433847 0.0192814 0.00439715 0.999804 -0.180954 0.0345575 0.982884
0.999684 0.00103385 -0.0251235 -0.00106547 0.999999 -0.0012453 0.0251222 0.00127167 0.999684 -0.161495 -0.033658 0.986299
0.999366 0.00224422 -0.0355411 -0.00215149 0.999994 0.00264691 0.0355468 -0.00256876 0.999365 0.0229211 -0.0646787 0.997643
0.999367 -0.000684667 -0.0355613 0.000837872 0.99999 0.00429347 0.035558 -0.00432055 0.999358 -0.162222 -0.0601127 0.984922
0.998997 0.000979413 -0.0447743 -0.000819237 0.999993 0.00359562 0.0447775 -0.00355533 0.998991 -0.0107909 0.0176276 0.999786
0.998845 -0.003904 -0.0478989 0.00401888 0.999989 0.00230248 0.0478894 -0.00249232 0.99885 -0.0451803 0.0328551 0.998438
0.999568 0.00617716 -0.0287307 -0.0059758 0.999957 0.00708933 0.0287732 -0.00691458 0.999562 -0.590766 -0.0677894 0.80399
0.999002 0.00695131 -0.0441252 -0.00669303 0.99996 0.00599846 0.0441652 -0.00569714 0.999008 -0.33814 -0.0820729 0.93751
0.995989 0.0033533 -0.0894087 -0.00343098 0.999994 -0.00071519 0.0894058 0.00101908 0.995995 0.70011 0.0422877 0.712782
0.997427 -0.00576265 -0.071452 0.00567818 0.999983 -0.00138524 0.0714588 0.000975962 0.997443 0.0854557 -0.0401067 0.995534
0.995999 0.00828375 -0.0889766 -0.0081242 0.999965 0.00215516 0.0889913 -0.00142368 0.996031 0.339979 0.0183111 0.940255
0.998143 -0.0047497 -0.0607263 0.00448426 0.99998 -0.00450657 0.0607465 0.00422589 0.998144 -0.351023 -0.034241 0.93574
0.997253 0.000316157 -0.0740756 -0.000340612 1 -0.000317499 0.0740755 0.000341858 0.997253 0.0113021 -0.0992466 0.994999
0.995625 0.0016775 -0.0934219 -0.00229642 0.999976 -0.00651782 0.0934087 0.00670385 0.995605 0.437318 0.0753996 0.896141
0.997569 0.000110936 -0.0696843 -0.000369071 0.999993 -0.00369149 0.0696834 0.00370823 0.997562 -0.119929 0.0533055 0.99135
0.997742 -0.00409206 -0.0670343 0.00419867 0.99999 0.00144946 0.0670277 -0.00172765 0.99775 -0.141412 -0.0148595 0.989839
0.997438 -0.000351033 -0.0715379 0.000695786 0.999988 0.0047943 0.0715354 -0.00483179 0.997426 -0.0678876 -0.0101894 0.997641
0.997868 0.00141031 -0.0652449 -0.00103339 0.999983 0.00581051 0.065252 -0.0057307 0.997852 -0.208545 0.0311592 0.977516
0.997936 0.00321624 -0.0641299 -0.00281214 0.999976 0.00639053 0.0641489 -0.006197 0.997921 -0.1469 0.00767002 0.989122
0.997971 -0.00127939 -0.0636499 0.00175919 0.99997 0.00748266 0.0636385 -0.00757946 0.997944 -0.0956991 -0.0116482 0.995342
0.998507 0.00568436 -0.0543257 -0.00543069 0.999974 0.00481579 0.0543517 -0.00451358 0.998512 -0.176788 -0.00884604 0.984209
0.998679 0.002866 -0.051297 -0.00276887 0.999994 0.00196454 0.0513023 -0.00181991 0.998682 -0.106303 0.0202801 0.994127
0.999089 0.00380415 -0.0425135 -0.00374296 0.999992 0.00151885 0.0425189 -0.00135834 0.999095 -0.159994 -0.029878 0.986666
0.999239 0.000757174 -0.0389947 -0.000813297 0.999999 -0.0014234 0.0389936 0.00145403 0.999238 -0.0748475 -0.0184413 0.997024
0.999454 0.00284382 -0.0329322 -0.00294536 0.999991 -0.00303526 0.0329233 0.0031306 0.999453 0.0192243 0.0557616 0.998259
0.99973 -0.0058325 -0.0224828 0.00583334 0.999983 -2.80992e-05 0.0224825 -0.000103058 0.999747 -0.128015 -0.00922364 0.991729
0.999898 -0.00254918 -0.0140865 0.00256886 0.999996 0.00137962 0.0140829 -0.00141566 0.9999 -0.157908 -0.06435 0.985355
0.999892 0.00193083 -0.0145448 -0.0019485 0.999997 -0.00120064 0.0145425 0.00122885 0.999893 0.056635 0.0349142 0.997784
0.999961 0.00545824 -0.00692408 -0.00545413 0.999985 0.000611758 0.00692732 -0.00057397 0.999976 -0.158598 -0.0324213 0.986811
0.999949 0.00744995 -0.00684628 -0.00745491 0.999972 -0.000699023 0.00684088 0.000750026 0.999976 -0.0233692 -0.0246135 0.999424
0.999981 0.00339299 -0.00509228 -0.00341744 0.999983 -0.00480047 0.00507591 0.00481779 0.999976 0.072106 0.0113734 0.997332
0.999997 0.00257762 -0.000530429 -0.0025792 0.999992 -0.00300263 0.000522685 0.00300398 0.999995 0.0551702 0.0153322 0.998359
0.999994 -0.00171579 0.00314613 0.00172475 0.999994 -0.00284732 -0.00314122 0.00285272 0.999991 0.00244685 -0.011929 0.999926
0.999986 -0.0011656 0.00517564 0.00119567 0.999982 -0.00580996 -0.00516878 0.00581607 0.99997 -0.0310209 0.0126597 0.999439
0.999962 -0.000429617 0.00871307 0.000490394 0.999976 -0.00697446 -0.00870986 0.00697846 0.999938 -0.123813 0.059216 0.990537
0.999984 0.00295234 0.00487998 -0.00295627 0.999995 0.000797767 -0.0048776 -0.000812181 0.999988 -0.0541065 0.0112664 0.998472
0.99999 0.00114462 0.00421113 -0.00116514 0.999987 0.00487511 -0.0042055 -0.00487997 0.999979 -0.0245742 -0.0364617 0.999033
0.99999 -0.0018466 0.00398632 0.00182912 0.999989 0.00438452 -0.00399437 -0.00437719 0.999982 0.0116444 -0.00761358 0.999903
0.999976 -0.00333382 0.00600695 0.0033099 0.999987 0.00398755 -0.00602016 -0.00396758 0.999974 -0.0657394 0.0390187 0.997074
0.999996 -0.000681718 0.00273003 0.000666186 0.999984 0.00568648 -0.00273386 -0.00568464 0.99998 -0.0157137 -0.033174 0.999326
0.999983 -0.00529603 0.0024725 0.00529359 0.999985 0.000990129 -0.00247771 -0.000977024 0.999996 0.0140552 -0.00480645 0.99989
0.999999 -0.00156523 -0.000453372 0.00156416 0.999996 -0.00234278 0.000457037 0.00234207 0.999997 0.101387 -0.0292019 0.994418
0.99999 -0.00384527 0.00227829 0.0038664 0.999949 -0.0093431 -0.00224224 0.00935181 0.999954 -0.113889 0.0323982 0.992965
0.999993 0.00331629 0.00166813 -0.00330351 0.999966 -0.00760571 -0.00169329 0.00760014 0.99997 -0.148489 0.0256902 0.98858
0.99997 0.0044446 -0.00631661 -0.00446759 0.999983 -0.00363009 0.00630037 0.0036582 0.999973 0.184093 -0.0339326 0.982323
0.999992 -0.0016634 -0.00355451 0.00167819 0.99999 0.00416176 0.00354755 -0.0041677 0.999985 -0.0179175 0.0251313 0.999524
0.999997 -0.00222025 -0.000982829 0.00222647 0.999977 0.00636771 0.000968669 -0.00636988 0.999979 0.0044924 0.00924848 0.999947
0.999986 0.00461086 -0.00249702 -0.00459786 0.999976 0.00518536 0.00252087 -0.00517381 0.999983 0.0119287 0.00632422 0.999909
0.999996 0.0028604 0.000150055 -0.00286034 0.999996 -0.000423735 -0.000151267 0.000423304 1 -0.0658068 -0.0271646 0.997463
0.999964 0.00804936 -0.00261344 -0.00805581 0.999965 -0.0024677 0.00259348 0.00248867 0.999994 -0.0260162 -0.0835444 0.996164
0.999997 0.000923665 -0.00229052 -0.000935648 0.999986 -0.00523581 0.00228565 0.00523794 0.999984 -0.0617236 -0.039103 0.997327
0.99998 -0.00424191 -0.00467094 0.00423495 0.99999 -0.00149919 0.00467725 0.00147937 0.999988 -0.0226475 -0.0421784 0.998853
0.999991 -0.000573478 -0.00428059 0.000582952 0.999997 0.00221251 0.00427931 -0.00221499 0.999988 -0.0261678 -0.0462955 0.998585
0.999982 -0.00207011 -0.00563206 0.00207767 0.999997 0.00133619 0.00562927 -0.00134787 0.999983 0.100325 0.00539647 0.99494
0.999988 -0.00424255 -0.00229957 0.00424199 0.999991 -0.000245531 0.00230059 0.000235773 0.999997 0.00800772 0.0857228 0.996287
0.999993 -0.00352268 0.000840601 0.00352034 0.99999 0.00276227 -0.000850323 -0.0027593 0.999996 -0.0953797 -0.00841554 0.995405
0.999986 -0.00527192 -0.000555807 0.00527287 0.999985 0.00171432 0.00054676 -0.00171723 0.999998 -0.0300929 -0.0113452 0.999483
1 -0.000817902 3.80193e-05 0.000817819 0.999997 0.00211118 -3.9746e-05 -0.00211115 0.999998 -0.0584473 -0.0369301 0.997607
0.999985 0.00539264 -0.000392446 -0.00539393 0.99998 -0.00335323 0.000374355 0.00335529 0.999994 0.0595185 0.0239039 0.997941
0.999982 0.00587356 0.00119915 -0.00586825 0.999973 -0.00438029 -0.00122485 0.00437317 0.99999 -0.0255319 0.0235276 0.999397
0.99999 0.00213323 -0.00390156 -0.00214391 0.999994 -0.00273449 0.00389571 0.00274282 0.999989 0.182778 0.0572248 0.981487
0.999943 0.00785816 0.00729538 -0.00785791 0.999969 -6.24209e-05 -0.00729565 5.09089e-06 0.999973 -0.138169 -0.00929217 0.990365
0.999993 0.00354877 0.00146467 -0.0035531 0.999989 0.00296443 -0.00145414 -0.00296962 0.999995 0.0300557 -0.0191396 0.999365
0.999999 6.38934e-05 0.00162645 -6.36465e-05 1 -0.00015185 -0.00162646 0.000151746 0.999999 -0.00657681 -0.0197767 0.999783
0.999999 -0.00121832 0.000854985 0.00122115 0.999994 -0.00331276 -0.000850944 0.0033138 0.999994 0.00448737 -0.00548458 0.999975
0.999989 -0.00364242 0.00304256 0.00363994 0.999993 0.000821331 -0.00304553 -0.000810247 0.999995 -0.00816447 -0.00766969 0.999937
0.999953 -0.00945349 -0.00213239 0.00945109 0.999955 -0.00113137 0.00214299 0.00111116 0.999997 0.095863 -0.00824514 0.99536
0.999996 -0.00276376 -0.000466513 0.00276286 0.999994 -0.00192103 0.00047182 0.00191973 0.999998 0.0816173 0.0368152 0.995984
0.999994 0.00319494 0.000961007 -0.00319664 0.999993 0.00177311 -0.000955336 -0.00177617 0.999998 0.0510018 0.0214149 0.998469
0.999957 0.00717917 0.00580022 -0.0072105 0.999959 0.00539909 -0.00576123 -0.00544069 0.999969 -0.146524 -0.0219312 0.988964
0.999986 0.00508839 0.00142455 -0.00509231 0.999983 0.00276325 -0.00141047 -0.00277046 0.999995 -0.0461619 0.0084551 0.998898
0.99998 -0.00377435 -0.00500749 0.00373934 0.999969 -0.00698284 0.00503368 0.00696398 0.999963 0.300426 0.0172883 0.953649
0.999981 -0.00614042 0.000226884 0.00614299 0.999883 -0.013986 -0.000140978 0.0139871 0.999902 -0.0029039 -0.0240342 0.999707
0.999968 -0.00618415 -0.00500395 0.00613379 0.999931 -0.0100166 0.00506555 0.00998559 0.999937 0.14201 0.0287131 0.989449
0.999995 -0.00204127 0.00225705 0.00202126 0.999959 0.0088335 -0.00227499 -0.0088289 0.999958 -0.129985 0.00962938 0.991469
0.999984 -0.00363415 -0.00423833 0.00372206 0.999774 0.0209228 0.00416134 -0.0209383 0.999772 0.070123 -0.0110051 0.997478
0.999993 -0.00035415 -0.00368574 0.000407771 0.999894 0.0145577 0.00368019 -0.0145591 0.999887 0.0900381 -0.00396644 0.99593
0.999989 0.00365007 0.00288709 -0.0036305 0.999971 -0.00675482 -0.00291167 0.00674427 0.999973 -0.100456 0.00543922 0.994927
0.999561 0.00675398 -0.0288316 -0.00700813 0.999937 -0.00872316 0.0287709 0.00892139 0.999546 0.678914 -0.201865 0.705923
0.999999 -0.00151458 -0.000117739 0.00151359 0.999967 -0.00796714 0.000129802 0.00796695 0.999968 -0.0624386 0.0117152 0.99798
0.999952 -0.00387186 -0.00905541 0.00388432 0.999992 0.00135883 0.00905007 -0.00139394 0.999958 0.252743 -0.0927505 0.963078
0.999985 -0.00144409 -0.00537472 0.00145642 0.999996 0.0022896 0.00537139 -0.00229739 0.999983 0.0404459 -0.0240029 0.998893
0.99998 -0.000490424 -0.00627463 0.000490486 1 8.33121e-06 0.00627462 -1.14087e-05 0.99998 0.091977 -0.044716 0.994757
0.99998 0.00243615 -0.00588742 -0.00245272 0.999993 -0.00280883 0.00588054 0.00282322 0.999979 0.0419051 0.0227979 0.998861
0.99999 0.00419629 -0.0015095 -0.00419595 0.999991 0.000226716 0.00151044 -0.00022038 0.999999 -0.0531716 -0.0408249 0.997751
0.999976 0.00618429 -0.00322443 -0.00618897 0.99998 -0.0014437 0.00321543 0.00146362 0.999994 0.00533079 0.000797096 0.999985
0.999996 0.00257551 -0.0011921 -0.00257393 0.999996 0.00133043 0.00119552 -0.00132735 0.999998 -0.0485717 0.00155544 0.998818
0.999992 -0.00295502 -0.00251812 0.00296711 0.999984 0.00481031 0.00250387 -0.00481774 0.999985 0.0484386 -0.0218345 0.998587
0.999995 -0.00135803 -0.00287156 0.00136173 0.999998 0.00128848 0.00286981 -0.00129239 0.999995 -0.0178836 -0.0347959 0.999234
0.999997 -0.00174361 -0.00187648 0.00173786 0.999994 -0.00306421 0.00188181 0.00306094 0.999994 -0.043468 -0.00998048 0.999005
0.999958 -0.00770888 -0.00497476 0.00769097 0.999964 -0.00360951 0.0050024 0.0035711 0.999981 -0.00313098 -0.0285058 0.999589
0.999987 -0.002738 -0.00436028 0.00273083 0.999995 -0.00165004 0.00436477 0.00163812 0.999989 -0.0282501 -0.00511259 0.999588
0.999957 0.00193869 -0.00909951 -0.00191343 0.999994 0.00278402 0.00910485 -0.00276649 0.999955 0.148617 0.0506923 0.987595
0.999952 -0.000239733 -0.00979738 0.000319731 0.999967 0.0081645 0.0097951 -0.00816724 0.999919 0.08149 -0.00217184 0.996672
0.999991 -0.00416956 0.000100734 0.00416865 0.999961 0.00780067 -0.000133255 -0.00780019 0.99997 -0.243202 -0.00103848 0.969975
0.999965 0.00793292 -0.00256423 -0.00792776 0.999967 0.00201627 0.00258014 -0.00199588 0.999995 -0.0690003 -0.00713564 0.997591
0.999996 0.00284552 -0.000528686 -0.00284782 0.999986 -0.00439562 0.000516171 0.0043971 0.99999 -0.10287 -0.0195631 0.994502
0.99997 -0.00197473 -0.00753137 0.00188785 0.999932 -0.0115256 0.00755362 0.0115111 0.999905 -0.0561465 0.00159395 0.998421
0.999948 -0.00363966 -0.00952197 0.00357221 0.999968 -0.00709138 0.00954748 0.007057 0.99993 0.106739 0.0433778 0.99334
0.999978 -0.000386541 -0.00658115 0.000392132 1 0.000848372 0.00658082 -0.000850934 0.999978 0.0183734 -0.00476519 0.99982
0.999488 0.0127675 -0.0293251 -0.0127817 0.999918 -0.000294964 0.029319 0.000669637 0.99957 0.562751 0.0333043 0.825955
0.99984 0.0135935 -0.0116366 -0.0136976 0.999866 -0.00890988 0.0115139 0.00906785 0.999893 -0.144364 -0.0177007 0.989366
0.999942 0.00137189 -0.0106613 -0.00140844 0.999993 -0.00342084 0.0106565 0.00343565 0.999937 0.0248239 -0.00448806 0.999682
0.999993 0.00187128 -0.00338706 -0.00186004 0.999993 0.00331911 0.00339325 -0.00331278 0.999989 -0.150196 -0.0508434 0.987348
0.999977 0.00336058 -0.00586984 -0.00332465 0.999976 0.00611972 0.00589026 -0.00610006 0.999964 -0.068961 0.00240967 0.997616
0.999958 0.00832681 -0.00392055 -0.00830957 0.999956 0.00439353 0.00395696 -0.00436076 0.999983 -0.108751 -0.0257432 0.993736
0.999882 -0.00588094 -0.0141972 0.00590213 0.999982 0.00145123 0.0141884 -0.00153485 0.999898 0.175259 0.0754191 0.981629
0.999984 0.00187905 -0.00526526 -0.00187166 0.999997 0.00140677 0.00526789 -0.0013969 0.999985 -0.0945135 -0.0141811 0.995423
0.999935 0.00221371 -0.0112004 -0.00221656 0.999998 -0.000242402 0.0111998 0.000267213 0.999937 0.197493 -0.0807627 0.976972
0.999983 0.00563922 -0.00169574 -0.00564827 0.99997 -0.00538294 0.00166533 0.00539243 0.999984 -0.107818 -0.0314362 0.993674
0.999979 -0.00164283 -0.00630842 0.00159408 0.999969 -0.00772426 0.00632091 0.00771404 0.99995 0.000631894 0.0457363 0.998953
0.999991 0.000366138 -0.00423151 -0.000381366 0.999993 -0.00359852 0.00423016 0.0036001 0.999985 0.0316535 0.0144716 0.999394
0.999993 -0.000902472 -0.00368539 0.000917573 0.999991 0.00409804 0.00368166 -0.00410139 0.999985 -0.0266587 0.0473992 0.99852
0.999982 0.00118147 -0.00583481 -0.00113682 0.99997 0.00765083 0.00584367 -0.00764406 0.999954 0.00483136 0.0435687 0.999039
0.999965 -0.00309534 -0.00773611 0.00313081 0.999985 0.00457659 0.00772183 -0.00460065 0.99996 -0.0777494 -0.0162037 0.996841
0.999719 -0.0218567 -0.00918649 0.0217537 0.999701 -0.0111722 0.00942793 0.0109692 0.999895 0.0149123 0.0699221 0.997441
0.999881 0.0010408 -0.0153886 -0.00105787 0.999999 -0.00110117 0.0153874 0.00111732 0.999881 0.155991 -0.130398 0.979113
0.999971 0.00561489 -0.00521534 -0.00561699 0.999984 -0.000388621 0.00521307 0.000417904 0.999986 -0.118262 0.0227509 0.992722
0.999972 -0.00249924 -0.0070344 0.00254756 0.999973 0.00686953 0.00701704 -0.00688726 0.999952 0.0135824 -0.026906 0.999546
0.999991 -0.00209837 -0.00356399 0.00211437 0.999988 0.00449308 0.00355452 -0.00450057 0.999984 -0.00378412 -0.0513518 0.998673
0.999878 -0.0129639 -0.0086725 0.0129868 0.999912 0.00258114 0.00863828 -0.00269345 0.999959 0.0441526 0.0408447 0.998189
0.999935 -0.00820364 -0.00795265 0.00818802 0.999964 -0.00199499 0.00796873 0.00192974 0.999966 -0.0615822 0.0259384 0.997765
0.999981 0.000132293 -0.00617201 -0.000168269 0.999983 -0.00582871 0.00617114 0.00582964 0.999964 0.0702049 -0.0565102 0.995931
0.999908 -0.0120275 -0.00627074 0.011959 0.99987 -0.010845 0.00640036 0.010769 0.999922 -0.0781178 0.0189313 0.996764
0.999869 -0.0126636 -0.0101022 0.0126086 0.999905 -0.00548692 0.0101707 0.00535883 0.999934 0.0825277 0.0246217 0.996285
0.999784 0.0120205 -0.0169767 -0.011871 0.99989 0.00888305 0.0170816 -0.0086796 0.999816 0.303472 -0.101052 0.947467
0.999965 0.00602198 -0.00582391 -0.00594184 0.999889 0.0136821 0.00590565 -0.013647 0.999889 -0.0495021 0.0068812 0.99875
0.999985 -0.00115214 -0.00529085 0.00120053 0.999957 0.00915211 0.00528008 -0.00915833 0.999944 0.00817991 -0.00728325 0.99994
0.999989 0.00212395 -0.00416538 -0.00213602 0.999994 -0.00289584 0.00415921 0.00290471 0.999987 -0.00957159 -0.0286382 0.999544
0.999999 0.00116374 -0.00127874 -0.00117867 0.99993 -0.0117369 0.001265 0.0117384 0.99993 -0.0530139 -0.00590237 0.998576
0.999945 0.0102491 -0.00199812 -0.0102654 0.999912 -0.0083557 0.00191231 0.00837576 0.999963 -0.0268923 -0.0298304 0.999193
0.999994 0.00347117 -0.000675414 -0.0034733 0.999989 -0.0031721 0.000664396 0.00317443 0.999995 -0.0607646 -0.033344 0.997595
0.999993 -0.00382765 0.000317876 0.00382608 0.999981 0.00480521 -0.000336262 -0.00480396 0.999988 -0.0464525 -0.0140925 0.998821
0.999998 0.000547071 -0.00184507 -0.000533292 0.999972 0.00745998 0.0018491 -0.00745898 0.99997 0.0939991 0.0137189 0.995478
0.993566 0.00318682 0.113213 -0.00299244 0.999994 -0.00188678 -0.113218 0.00153586 0.993569 -0.988426 0.0505721 0.143029
0.999928 0.0012337 -0.0119328 -0.00127214 0.999994 -0.00321462 0.0119288 0.00322957 0.999924 0.181191 0.0256011 0.983115
0.999995 -0.00306732 -0.000966743 0.00305948 0.999963 -0.00800965 0.000991276 0.00800665 0.999967 -0.0650984 -0.0243375 0.997582
0.992864 -0.00940474 0.118877 0.00947417 0.999955 -1.88989e-05 -0.118872 0.00114503 0.992909 -0.987167 -0.0964907 0.127246
0.999932 -0.0116004 -0.000927286 0.0115959 0.999921 -0.00480111 0.000982908 0.00479004 0.999988 -0.0114689 0.0205856 0.999722
0.999996 0.00289214 -0.000744776 -0.00289026 0.999993 0.00250558 0.000752017 -0.00250342 0.999997 -0.050449 0.0112755 0.998663
0.999955 0.00417178 -0.00853047 -0.00413073 0.99998 0.00482453 0.00855043 -0.00478908 0.999952 0.0495567 0.0558515 0.997208
0.999998 0.00169235 -0.000582708 -0.00169075 0.999995 0.00274067 0.000587343 -0.00273968 0.999996 -0.0837813 -0.011547 0.996417
0.999996 0.00172707 -0.00221239 -0.00173387 0.999994 -0.00307534 0.00220707 0.00307917 0.999993 0.0297873 -0.0322478 0.999036
0.999993 -0.00363963 0.00073689 0.00364403 0.999975 -0.00604792 -0.000714859 0.00605057 0.999981 -0.000709462 0.00325793 0.999994
0.999951 0.00986088 0.00116014 -0.00985791 0.999948 -0.0025362 -0.00118509 0.00252464 0.999996 -0.0729965 0.00123706 0.997331
0.999958 -0.00886062 -0.00234329 0.00887292 0.999947 0.00529114 0.00229628 -0.00531171 0.999983 0.0636957 0.00781593 0.997939
0.999999 0.000230816 -0.00157581 -0.000225158 0.999994 0.00358992 0.00157663 -0.00358956 0.999992 0.0125273 -0.0129062 0.999838
0.999993 0.00360666 7.72856e-05 -0.0036068 0.999991 0.00201355 -7.00228e-05 -0.00201382 0.999998 -0.0231279 -0.00796249 0.999701
0.999998 0.00210033 -0.000559175 -0.00210008 0.999998 0.000448457 0.000560116 -0.000447282 1 0.00467582 -0.0171984 0.999841
0.999997 -0.00233352 -0.000850125 0.00232962 0.999987 -0.00457038 0.000860779 0.00456839 0.999989 -0.0140651 0.00530919 0.999887
0.999983 0.00482599 -0.00329391 -0.00484904 0.999964 -0.00702307 0.0032599 0.00703892 0.99997 0.036146 0.00934837 0.999303
0.994237 0.00604084 0.107031 -0.0103609 0.999152 0.0398527 -0.1067 -0.040732 0.993457 -0.927039 -0.355256 0.119963
0.999991 -0.00344182 -0.00251686 0.00346501 0.999951 0.00926901 0.00248483 -0.00927764 0.999954 -0.0161225 -0.0204453 0.999661
0.999976 -0.00603698 -0.00330419 0.006069 0.999934 0.00976816 0.003245 -0.00978798 0.999947 0.0316325 -0.021064 0.999278
0.999985 -0.00537144 -0.00126228 0.00537241 0.999985 0.000768145 0.00125814 -0.000774914 0.999999 -0.0122179 -0.0108859 0.999866
0.999997 0.00217648 0.000748738 -0.00217029 0.999964 -0.00816729 -0.000766488 0.00816564 0.999966 -0.039328 -0.00986043 0.999178
0.999985 0.00489138 0.00247059 -0.00487623 0.99997 -0.00609949 -0.00250035 0.00608735 0.999978 -0.048222 -0.0221387 0.998591
0.999998 -0.00178872 0.00107921 0.00179433 0.999985 -0.00522482 -0.00106985 0.00522674 0.999986 0.00320867 -0.0181012 0.999831
0.999995 -0.00257929 0.00191108 0.00258587 0.999991 -0.00344495 -0.00190217 0.00344987 0.999992 -0.00286275 -0.0177684 0.999838
0.999985 -0.00478604 0.00266934 0.00479735 0.999979 -0.00424546 -0.00264897 0.0042582 0.999987 -0.0375746 -0.00983004 0.999245
0.999976 0.00260504 0.00639843 -0.00260089 0.999996 -0.000656557 -0.00640011 0.000639899 0.999979 -0.0617201 -0.0447671 0.997089
0.999988 -0.00135986 0.00464929 0.00133825 0.999988 0.00464836 -0.00465555 -0.00464208 0.999978 -0.0243948 0.00624007 0.999683
0.979616 -0.00772748 0.200729 -0.00302406 0.998579 0.0532007 -0.200855 -0.0527233 0.978201 -0.97553 -0.219483 -0.013013
0.999952 0.00664731 0.00725425 -0.00668814 0.999962 0.00561916 -0.00721662 -0.0056674 0.999958 -0.0580422 -0.0334311 0.997754
0.999701 0.0223045 0.0100278 -0.022332 0.999747 0.00263473 -0.00996651 -0.00285788 0.999946 -0.138461 -0.274607 0.951535
0.999936 -0.0101236 0.00514814 0.0101659 0.999914 -0.00824791 -0.0050642 0.00829971 0.999953 0.0939381 0.0673132 0.9933
0.999975 -0.00341634 0.00617897 0.00347691 0.999946 -0.00981774 -0.00614509 0.00983898 0.999933 0.0239267 0.027637 0.999332
0.999844 0.00792081 0.0158144 -0.00786311 0.999962 -0.00370738 -0.0158431 0.00358245 0.999868 0.0049877 -0.0392192 0.999218
0.999951 -0.0061334 0.00781836 0.00608341 0.999961 0.00640129 -0.00785732 -0.00635341 0.999949 -0.0701993 -0.00969623 0.997486
0.999902 -0.0121508 0.00700678 0.0121129 0.999912 0.00542376 -0.00707207 -0.00533836 0.999961 -0.0717178 0.0451638 0.996402
0.999967 -0.00385174 0.00718821 0.00384084 0.999991 0.00152963 -0.00719404 -0.00150197 0.999973 0.00215806 -0.0164949 0.999862
0.999978 0.00352514 0.00564271 -0.0035269 0.999994 0.000303376 -0.00564161 -0.000323271 0.999984 -0.0655871 -0.0139257 0.99775
0.999987 -0.00506434 0.000762726 0.00506219 0.999983 0.0027971 -0.000776879 -0.0027932 0.999996 -0.0747202 0.0266419 0.996849
0.999993 -0.00367405 0.000478885 0.00367303 0.999991 0.0021255 -0.00048669 -0.00212373 0.999998 -0.0795007 0.0356594 0.996197
0.999998 -0.00173191 0.000723575 0.00172966 0.999994 0.00310176 -0.000728943 -0.00310051 0.999995 0.0240778 -0.00880988 0.999671
0.999964 0.00825571 -0.00208528 -0.00826027 0.999963 -0.00219056 0.00206712 0.0022077 0.999995 0.0275902 -0.0321525 0.999102
0.999995 0.00247921 0.00191894 -0.00245921 0.999943 -0.0103514 -0.00194449 0.0103466 0.999945 -0.168971 0.0398413 0.984816
0.999952 -0.00945184 -0.00275232 0.00943057 0.999926 -0.00764035 0.00282433 0.00761402 0.999967 -0.0713435 0.0461869 0.996382
0.999958 -0.00750676 -0.00520458 0.00747679 0.999955 -0.00575306 0.00524753 0.00571391 0.99997 -0.0123649 0.0348775 0.999315
0.999974 0.00645902 -0.00324131 -0.00644294 0.999967 0.00494573 0.00327315 -0.00492472 0.999983 -0.0442377 -0.000503948 0.999021
0.999968 0.0078655 -0.00173932 -0.00784353 0.999894 0.0122931 0.00183583 -0.0122791 0.999923 -0.067126 -0.00100121 0.997744
0.999981 -0.0022182 -0.00568654 0.00229653 0.999902 0.013806 0.00565536 -0.0138188 0.999889 -0.0191633 -0.0224267 0.999565
0.999976 -0.00632656 -0.00269634 0.00635423 0.999926 0.0103833 0.00263045 -0.0104002 0.999942 -0.0838441 -0.0338911 0.995902
0.999977 -0.00348896 -0.00575433 0.00346778 0.999987 -0.00368622 0.00576712 0.00366618 0.999977 0.107117 0.0241297 0.993954
0.999911 0.0132193 -0.0018177 -0.0132334 0.999881 -0.00798068 0.00171198 0.00800402 0.999967 -0.0368334 -0.0632849 0.997316
0.999983 0.00554536 -0.0018626 -0.00556223 0.999942 -0.00917834 0.0018116 0.00918854 0.999956 -0.0523351 -0.0417757 0.997755
0.99988 -0.0145896 -0.00529631 0.0145456 0.99986 -0.00824978 0.00541593 0.00817175 0.999952 -0.0108369 0.102963 0.994626
0.999916 -0.0121407 -0.0046398 0.0121597 0.999918 0.00409598 0.00458969 -0.00415206 0.999981 0.0707667 0.0297182 0.99705
0.999975 -0.00710994 -0.000398974 0.00711116 0.99997 0.00316674 0.000376446 -0.0031695 0.999995 -0.00438409 0.0328379 0.999451
0.999993 -0.00383737 0.000247443 0.00383649 0.999987 0.00344493 -0.000260659 -0.00344396 0.999994 -0.0199829 -0.0163361 0.999667
0.999978 -0.0065687 -0.00070219 0.00656732 0.999977 -0.00194202 0.00071493 0.00193737 0.999998 -0.0289624 0.0170875 0.999434
0.999997 0.00178129 0.0015674 -0.00177279 0.999984 -0.00540762 -0.001577 0.00540483 0.999984 -0.00437604 -0.0610952 0.998122
0.99997 -0.00769499 0.00103289 0.00769514 0.99997 -0.000137663 -0.0010318 0.000145608 0.999999 -0.0116628 -0.0204717 0.999722
0.999999 0.000895525 -0.000644896 -0.000892797 0.999991 0.00421869 0.000648668 -0.00421811 0.999991 -0.0141503 -0.033458 0.99934
0.999991 0.00368856 -0.00229694 -0.00368171 0.999989 0.00297763 0.00230789 -0.00296915 0.999993 0.050955 -0.0320608 0.998186
0.999995 -0.00312256 0.000958408 0.00311897 0.999988 0.00372577 -0.000970031 -0.00372276 0.999993 -0.0106605 -0.0111713 0.999881
0.999999 -0.00145806 3.51797e-05 0.00145814 0.999996 -0.00240563 -3.1672e-05 0.00240568 0.999997 -0.0387173 0.0197638 0.999055
0.999999 -0.00107099 0.000498722 0.00107442 0.999975 -0.00694334 -0.000491274 0.00694387 0.999976 0.0216397 -0.0895309 0.995749
0.999518 -0.00126405 0.0310198 0.00167835 0.99991 -0.0133333 -0.0310002 0.013379 0.99943 -0.849161 0.0753511 0.522731
0.999984 0.00537062 0.00154785 -0.00536144 0.999968 -0.00587065 -0.00157933 0.00586226 0.999982 -0.0487685 -0.0167057 0.99867
0.999984 0.00531108 0.00215653 -0.00531698 0.999982 0.00273811 -0.00214195 -0.00274954 0.999994 -0.144039 -0.134292 0.980417
0.999999 -0.00128777 -0.00105095 0.00129309 0.999986 0.0050709 0.0010444 -0.00507225 0.999987 0.0265173 0.0374729 0.998946
0.999993 -0.00382309 -0.000561491 0.00382708 0.999966 0.00728064 0.000533637 -0.00728273 0.999973 -0.0922305 -0.00634416 0.995717
0.999998 0.00213362 0.000114132 -0.00213404 0.99999 0.00380381 -0.000106015 -0.00380404 0.999993 -0.0679469 -0.00401627 0.997681
0.999924 0.0113894 0.00481949 -0.0114358 0.999887 0.00972105 -0.00470823 -0.00977542 0.999941 -0.223662 -0.334717 0.91539
0.999974 -0.00171908 -0.00695148 0.00173275 0.999997 0.0019602 0.00694809 -0.00197219 0.999974 0.19279 0.00265718 0.981236
0.999944 -0.00960506 -0.00453124 0.00959916 0.999953 -0.00132256 0.00454373 0.00127899 0.999989 -0.0549008 0.055467 0.99695
0.999957 -0.00643181 -0.0066544 0.00642276 0.999978 -0.00138134 0.00666314 0.00133854 0.999977 -0.0753898 -0.0179366 0.996993
0.999915 -0.00628573 -0.011421 0.00623216 0.999969 -0.00472004 0.0114503 0.00464846 0.999924 -0.0584678 0.0264065 0.99794
0.999899 -0.00182722 -0.0140804 0.0017709 0.99999 -0.0040114 0.0140876 0.00398606 0.999893 -0.00876667 0.014666 0.999854
0.999795 0.00168927 -0.0201792 -0.00173257 0.999996 -0.00212862 0.0201755 0.00216314 0.999794 0.0807 0.010748 0.99668
0.999708 -0.0061249 -0.0233826 0.00617286 0.999979 0.00197967 0.02337 -0.00212343 0.999725 0.0250855 -0.010727 0.999628
0.999671 0.00638607 -0.0248277 -0.00628957 0.999972 0.00396274 0.0248523 -0.00380529 0.999684 -0.0695508 -0.0849018 0.993959
0.999542 0.00272098 -0.0301413 -0.002625 0.999991 0.00322331 0.0301498 -0.00314271 0.99954 0.176172 -0.0146718 0.98425
0.999444 0.0012908 -0.0333106 -0.00127034 0.999999 0.000635475 0.0333113 -0.000592806 0.999445 0.0106585 -0.0866082 0.996185
0.999277 0.00428041 -0.0377791 -0.0043453 0.999989 -0.00163555 0.0377717 0.00179853 0.999285 0.0409243 -0.0619267 0.997241
0.999067 0.00106027 -0.0431706 -0.00117119 0.999996 -0.00254399 0.0431677 0.00259218 0.999064 -0.0329628 0.0133862 0.999367
0.998846 0.00347053 -0.0479079 -0.00355143 0.999992 -0.00160384 0.047902 0.00177213 0.99885 0.0512645 -0.00668414 0.998663
0.998764 0.00193784 -0.0496585 -0.00197046 0.999998 -0.000607953 0.0496572 0.000705052 0.998766 -0.0199516 0.0387278 0.999051
0.998844 0.0130814 -0.0462604 -0.0131444 0.999913 -0.0010584 0.0462425 0.00166524 0.998929 -0.231809 -0.0102125 0.972708
0.998513 0.0112288 -0.0533419 -0.0112463 0.999937 -2.87495e-05 0.0533382 0.000628606 0.998576 -0.151891 -0.0217577 0.988158
0.998648 0.0123736 -0.0504786 -0.012464 0.999921 -0.00147736 0.0504563 0.00210453 0.998724 -0.270737 0.126911 0.954251
0.998349 0.0101247 -0.0565453 -0.0101163 0.999949 0.000433914 0.0565468 0.000138835 0.9984 -0.179825 0.00149885 0.983697
0.998271 0.00653642 -0.0584126 -0.00643747 0.999978 0.00188204 0.0584236 -0.00150276 0.998291 -0.19107 0.0406993 0.980732
0.997832 0.00225152 -0.0657704 -0.00193925 0.999987 0.00481142 0.0657803 -0.00467345 0.997823 -0.0240284 0.060492 0.997879
0.99867 0.00615062 -0.0511992 -0.00555572 0.999915 0.0117537 0.0512671 -0.0114536 0.998619 -0.342418 -0.00445525 0.939537
0.998397 0.00526314 -0.056348 -0.00467279 0.999933 0.0106036 0.0564 -0.0103233 0.998355 -0.141924 -0.0305796 0.989405
0.998399 0.0061351 -0.0562264 -0.00573124 0.999957 0.00734106 0.056269 -0.00700706 0.998391 -0.182639 -0.0440829 0.982191
0.998387 0.000989053 -0.0567645 -0.000787736 0.999993 0.00356878 0.0567677 -0.00351831 0.998381 -0.181865 -0.0350836 0.982697
0.998336 0.00303051 -0.0575889 -0.00297238 0.999995 0.00109497 0.057592 -0.00092197 0.99834 -0.103585 -0.0213608 0.994391
0.99828 -0.00363772 -0.0585092 0.00360916 0.999993 -0.000593713 0.058511 0.000381523 0.998287 -0.132612 -0.0144652 0.991062
0.998249 -0.00480613 -0.0589481 0.0045755 0.999981 -0.00404667 0.0589665 0.00376987 0.998253 -0.0968933 -0.00755727 0.995266
0.998304 -0.00369828 -0.0581015 0.00340659 0.999981 -0.00511864 0.0581193 0.00491203 0.998298 -0.0875649 -0.0267246 0.9958
0.998065 -0.00903498 -0.0615166 0.00889764 0.999957 -0.00250605 0.0615366 0.00195385 0.998103 0.0460144 -0.100441 0.993878
0.998633 -0.0019038 -0.0522289 0.00187507 0.999998 -0.000599066 0.0522299 0.000500314 0.998635 -0.249434 -0.120015 0.960926
0.998566 -0.000418634 -0.0535318 0.000449039 1 0.000555958 0.0535315 -0.000579199 0.998566 0.0298931 -0.0446593 0.998555
0.998847 -0.00981532 -0.0469911 0.00989103 0.99995 0.00137886 0.0469752 -0.00184206 0.998894 -0.168711 -0.130683 0.976964
0.998899 -0.00114601 -0.0468979 0.00113483 0.999999 -0.000265067 0.0468982 0.000211554 0.9989 -0.0707787 -0.0266441 0.997136
0.999153 -0.00272006 -0.0410645 0.00276186 0.999996 0.000961395 0.0410617 -0.00107399 0.999156 -0.0503305 -0.124668 0.990921
0.999425 0.00129118 -0.0338872 -0.00139969 0.999994 -0.00317832 0.0338829 0.00322392 0.999421 -0.10688 0.0579949 0.992579
0.999759 0.000181964 -0.0219535 -0.000236694 0.999997 -0.0024904 0.021953 0.002495 0.999756 -0.185769 -0.02954 0.982149
0.999532 -0.00390262 -0.0303553 0.00382216 0.999989 -0.00270812 0.0303656 0.00259083 0.999536 -0.130891 -0.0944677 0.986886
0.999629 0.00382718 -0.0269567 -0.00379643 0.999992 0.00119172 0.026961 -0.00108894 0.999636 0.0165475 -0.062787 0.99789
0.999997 -0.00113271 0.00228316 0.00112962 0.999998 0.00135445 -0.00228469 -0.00135186 0.999996 -0.719212 -0.119307 0.68447
0.999868 0.00323441 -0.0159287 -0.00325177 0.999994 -0.00106401 0.0159251 0.00111567 0.999873 -0.0335068 0.0195524 0.999247
0.999949 0.00205374 -0.00984155 -0.00206348 0.999997 -0.000980067 0.00983951 0.00100033 0.999951 0.024372 -0.0400811 0.998899
0.99972 0.000901011 -0.0236337 -0.0008668 0.999999 0.00145775 0.023635 -0.00143686 0.99972 0.578559 -0.117509 0.807132
0.999889 0.00117988 -0.0148331 -0.00119432 0.999999 -0.000965087 0.014832 0.000982696 0.99989 0.40109 0.00426656 0.916029
0.999994 -0.00159592 0.00294732 0.00158574 0.999993 0.00345428 -0.00295281 -0.00344959 0.99999 -0.134557 -0.0996075 0.985887
0.999999 -0.000138167 -0.00156231 0.000136866 1 -0.00083264 0.00156242 0.000832426 0.999998 0.0138546 0.0224428 0.999652
1 -0.000190736 -0.000343332 0.000191003 1 0.000778496 0.000343183 -0.000778561 1 -0.0150297 -0.00709491 0.999862
0.999995 -0.00295993 -0.000933205 0.00296158 0.999994 0.00176768 0.000927967 -0.00177043 0.999998 0.104162 -0.0715271 0.991985
0.999974 -0.00677192 -0.00253669 0.00676774 0.999976 -0.0016544 0.00254783 0.00163719 0.999995 0.144969 -0.0792055 0.986261
0.99998 -0.00595773 -0.00198854 0.00595871 0.999982 0.000486187 0.00198561 -0.000498027 0.999998 0.126229 -0.114928 0.985321
0.999995 0.00297072 -0.000545336 -0.00297125 0.999995 -0.000979454 0.000542424 0.00098107 0.999999 0.0988922 0.0219339 0.994856
0.999715 0.0017722 -0.0238115 -0.00181464 0.999997 -0.00176086 0.0238083 0.00180357 0.999715 0.597925 0.0141344 0.801427
0.999998 -0.00103062 -0.00178802 0.00102888 0.999999 -0.000973713 0.00178902 0.000971871 0.999998 0.130947 -0.00517969 0.991376
0.999979 -0.00646869 -5.8323e-05 0.00646874 0.999979 0.000929581 5.23086e-05 -0.000929939 1 0.0434888 -0.046345 0.997978
0.999969 -0.00775741 -0.000963065 0.00775821 0.99997 0.00083095 0.00095659 -0.000838396 0.999999 0.0574166 -0.0626231 0.996384
0.999993 -0.00376239 0.000513143 0.00376248 0.999993 -0.000166548 -0.000512513 0.000168478 1 -0.0432986 -0.0291616 0.998636
0.999918 -0.012522 -0.00256808 0.0125288 0.999918 0.00263587 0.00253486 -0.00266783 0.999993 0.124489 -0.0895412 0.988172
0.999964 0.00606547 0.00592471 -0.00606522 0.999982 -6.06167e-05 -0.00592497 2.46799e-05 0.999982 -0.105771 0.080894 0.991095
0.999999 0.000992146 -0.000384532 -0.00099009 0.999985 0.00531198 0.000389797 -0.0053116 0.999986 0.00765094 -0.00367189 0.999964
0.999979 -0.00123246 0.0064007 0.00119515 0.999982 0.0058296 -0.00640777 -0.00582183 0.999963 -0.116914 -0.0386355 0.99239
0.999991 -0.00428373 0.000163604 0.0042837 0.999991 0.000173636 -0.000164347 -0.000172934 1 0.0541469 -0.0304787 0.998068
0.99985 0.0172913 -0.000654142 -0.0172921 0.99985 -0.00131029 0.000631387 0.0013214 0.999999 -0.017793 0.0721764 0.997233
0.999897 0.0115949 -0.00842328 -0.011675 0.999886 -0.00952702 0.00831186 0.00962439 0.999919 0.230177 0.093091 0.968686
0.999986 -0.00439166 -0.00298809 0.00439369 0.99999 0.000672645 0.00298511 -0.000685764 0.999995 0.0108881 -0.0522838 0.998573
0.999978 -0.00350009 -0.00559471 0.00351107 0.999992 0.00195454 0.00558782 -0.00197415 0.999982 0.102124 0.020974 0.994551
0.999965 -0.00721917 -0.00428056 0.00724659 0.999953 0.00642606 0.00423397 -0.00645686 0.99997 0.0121349 -0.0566375 0.998321
0.99999 -0.000621744 -0.00451876 0.000639518 0.999992 0.00393299 0.00451628 -0.00393584 0.999982 0.0599836 -0.0134227 0.998109
0.99994 -0.00443705 -0.0100022 0.0044073 0.999986 -0.00299501 0.0100153 0.00295075 0.999945 0.0299374 -0.00520849 0.999538
0.999982 -0.00589819 0.000904505 0.00589975 0.999981 -0.00173305 -0.000894266 0.00173835 0.999998 -0.131197 -0.0841095 0.987782
0.999978 -0.00175077 -0.00646896 0.00174781 0.999998 -0.000463263 0.00646976 0.000451946 0.999979 0.0747674 -0.0536533 0.995757
0.99998 0.00541482 -0.00312654 -0.00542422 0.999981 -0.00300536 0.00311021 0.00302226 0.999991 0.0568795 0.0549313 0.996869
0.999972 0.00701322 -0.00252755 -0.00701794 0.999974 -0.00186409 0.00251441 0.00188178 0.999995 0.0330899 0.0120667 0.99938
1 -0.000608729 0.000452691 0.000609002 1 -0.000602604 -0.000452324 0.00060288 1 -0.097295 -0.0925682 0.990941
0.999974 0.0072702 0.000305983 -0.00726852 0.99996 -0.00517486 -0.000343593 0.00517249 0.999987 -0.000353985 0.0213042 0.999773
0.999998 0.000188642 0.00199297 -0.000188418 1 -0.000112829 -0.00199299 0.000112453 0.999998 -0.055864 -0.0152072 0.998323
1 3.0732e-06 -4.37084e-06 -3.0732e-06 1 1.31367e-06 4.37084e-06 -1.31365e-06 1 0.0349307 -0.0135972 0.999297
0.999999 -0.000989148 0.000831358 0.000989756 0.999999 -0.000730917 -0.000830635 0.000731739 0.999999 0.0264016 -0.0104277 0.999597
1 -0.000185037 0.00017279 0.000185013 1 0.000139263 -0.000172816 -0.000139231 1 0.0449061 0.00886523 0.998952
1 -0.000718617 0.000429355 0.00071887 1 -0.000589222 -0.000428932 0.00058953 1 0.0438624 0.00656839 0.999016
0.999993 -0.0036547 5.80663e-06 0.00365467 0.999991 0.0021963 -1.38334e-05 -0.00219626 0.999998 0.023388 0.00142844 0.999725
0.99998 -0.00629842 -0.000673481 0.00629859 0.99998 0.000252648 0.000671876 -0.000256884 1 0.0700081 -0.0125252 0.997468
1 0.00011651 0.000496657 -0.000115567 0.999998 -0.00190007 -0.000496877 0.00190001 0.999998 0.0652235 -0.018088 0.997707
0.999999 0.000937694 0.00138529 -0.000934495 0.999997 -0.00230825 -0.00138745 0.00230696 0.999996 0.0281421 0.0151836 0.999489
0.999993 -0.00194531 0.00307888 0.00194407 0.999998 0.000406943 -0.00307967 -0.000400955 0.999995 -0.0865242 -0.0152946 0.996132
0.999997 -0.00240659 -9.7644e-05 0.00240676 0.999996 0.00178755 9.33417e-05 -0.00178778 0.999998 -0.0101187 0.0464132 0.998871
0.999995 0.00305266 -0.00043624 -0.00305064 0.999985 0.00455989 0.000450153 -0.00455853 0.99999 0.0355631 -0.0251389 0.999051
0.999987 0.000998221 -0.00506334 -0.000982413 0.999995 0.00312366 0.00506643 -0.00311865 0.999982 0.0384945 -0.0387647 0.998507
0.999976 0.00691393 0.000432854 -0.00691269 0.999972 -0.0028049 -0.000452235 0.00280185 0.999996 -0.0980076 0.0457486 0.994134
0.999986 0.00514676 -0.000790655 -0.00514982 0.999979 -0.00391701 0.000770479 0.00392103 0.999992 0.00954103 0.0110211 0.999894
0.99997 -0.00236529 -0.00735651 0.00234519 0.999993 -0.0027394 0.00736294 0.00272207 0.999969 0.0216873 -0.0349975 0.999152
0.999964 0.00369122 -0.00769937 -0.00371284 0.999989 -0.00279553 0.00768897 0.00282402 0.999966 0.0590607 0.0179216 0.998094
0.99996 0.00188759 -0.00875303 -0.00189663 0.999998 -0.00102529 0.00875108 0.00104185 0.999961 0.0383195 -0.00789341 0.999234
0.999978 0.00646972 0.00151587 -0.0064721 0.999978 0.00157068 -0.00150567 -0.00158045 0.999998 -0.0675136 -0.0139283 0.997621
0.999962 0.00297745 -0.00820134 -0.00297404 0.999995 0.000428503 0.00820258 -0.000404096 0.999966 0.0729249 0.0123674 0.997261
0.999979 0.00393424 -0.00518035 -0.00392334 0.99999 0.00211229 0.00518861 -0.00209192 0.999984 0.0436563 0.0143238 0.998944
0.999991 0.000988536 -0.00419186 -0.000980812 0.999998 0.00184418 0.00419368 -0.00184005 0.99999 -0.0116992 -0.03411 0.99935
0.999972 0.00422985 -0.0061838 -0.00423722 0.99999 -0.0011794 0.00617875 0.00120557 0.99998 0.0113899 -0.00590042 0.999918
